2455359.562500	2010	163	2010.4440068	1.333	0.803	1.000	1.7328e-01	1.3854e-01	1.5525e-01	1.5879e-01	9.4190e-02	1.2509e-01	7.9158e-02	1.4178e-01	8.7717e-02
2455359.604166	2010	163	2010.4441210	1.333	0.814	1.000	1.6081e-01	1.5660e-01	1.5171e-01	1.4393e-01	9.1361e-02	1.4315e-01	8.5513e-02	1.3730e-01	8.5827e-02
2455359.645833	2010	163	2010.4442352	1.333	0.804	1.000	1.8746e-01	1.4687e-01	1.7164e-01	1.6775e-01	1.0318e-01	1.3347e-01	8.4938e-02	1.5559e-01	9.1370e-02
2455359.687500	2010	163	2010.4443493	1.333	0.812	1.000	2.0153e-01	1.3832e-01	1.7614e-01	1.8322e-01	1.0591e-01	1.2444e-01	8.1788e-02	1.5959e-01	9.6499e-02
2455359.729166	2010	163	2010.4444635	1.333	0.806	1.000	2.3759e-01	1.6415e-01	1.7227e-01	2.2022e-01	1.1436e-01	1.5089e-01	7.7972e-02	1.5798e-01	9.1366e-02
2455359.770833	2010	163	2010.4445776	1.333	0.810	1.000	2.2495e-01	1.4442e-01	1.5908e-01	2.0944e-01	1.1756e-01	1.3083e-01	8.5778e-02	1.4478e-01	8.6847e-02
2455359.812500	2010	163	2010.4446918	1.333	0.808	1.000	2.6986e-01	1.5135e-01	1.6520e-01	2.5649e-01	1.2722e-01	1.3790e-01	7.8567e-02	1.5135e-01	9.5796e-02
2455359.854166	2010	163	2010.4448059	1.333	0.808	1.000	2.3829e-01	1.3747e-01	1.5643e-01	2.2461e-01	1.1871e-01	1.2446e-01	7.6577e-02	1.4226e-01	9.1467e-02
2455359.895833	2010	163	2010.4449201	1.333	0.810	1.000	2.3670e-01	1.6410e-01	1.6416e-01	2.2409e-01	1.1673e-01	1.5041e-01	8.3736e-02	1.5043e-01	8.9949e-02
2455359.937500	2010	163	2010.4450342	1.333	0.807	1.000	2.3040e-01	1.3147e-01	1.5708e-01	2.1809e-01	1.1154e-01	1.1859e-01	7.6048e-02	1.4327e-01	8.1331e-02
2455359.979166	2010	163	2010.4451484	1.333	0.812	1.000	2.2043e-01	1.3269e-01	1.6031e-01	2.0778e-01	1.1372e-01	1.1927e-01	8.1109e-02	1.4681e-01	8.3595e-02
2455360.020833	2010	163	2010.4452626	1.333	0.805	1.000	2.2000e-01	1.2972e-01	1.5828e-01	2.0832e-01	1.0651e-01	1.1665e-01	7.8863e-02	1.4436e-01	8.4306e-02
2455360.062500	2010	163	2010.4453767	1.333	0.813	1.000	1.9439e-01	1.5251e-01	1.6850e-01	1.8266e-01	1.0129e-01	1.3955e-01	8.2106e-02	1.5505e-01	8.6908e-02
2455360.104166	2010	163	2010.4454909	1.333	0.804	1.000	2.1950e-01	1.3892e-01	1.4644e-01	2.0912e-01	1.0860e-01	1.2615e-01	8.1377e-02	1.3315e-01	8.0908e-02
2455360.145833	2010	163	2010.4456050	1.333	0.813	1.000	2.0347e-01	1.5028e-01	1.4363e-01	1.9243e-01	1.0771e-01	1.3705e-01	8.3365e-02	1.3000e-01	8.1095e-02
2455360.187500	2010	163	2010.4457192	1.333	0.804	1.000	2.2087e-01	1.5481e-01	1.4563e-01	2.1034e-01	1.0659e-01	1.4189e-01	8.1327e-02	1.3212e-01	8.4115e-02
2455360.229166	2010	163	2010.4458333	1.333	0.814	1.000	2.4052e-01	1.4217e-01	1.4040e-01	2.2949e-01	1.0810e-01	1.2878e-01	7.6651e-02	1.2697e-01	8.3408e-02
2455360.270833	2010	163	2010.4459475	1.333	0.804	1.000	2.1049e-01	1.4359e-01	1.6296e-01	2.0017e-01	1.0054e-01	1.3058e-01	7.2657e-02	1.4960e-01	8.3152e-02
2455360.312500	2010	163	2010.4460616	1.333	0.814	1.000	1.9837e-01	1.6074e-01	1.4311e-01	1.8783e-01	9.8947e-02	1.4784e-01	7.5335e-02	1.2930e-01	9.2874e-02
2455360.354166	2010	163	2010.4461758	1.333	0.803	1.000	1.9141e-01	1.3869e-01	1.5302e-01	1.8108e-01	9.7915e-02	1.2570e-01	7.5156e-02	1.3956e-01	8.1507e-02
2455360.395833	2010	163	2010.4462900	1.333	0.814	1.000	1.8599e-01	1.5143e-01	1.5201e-01	1.7513e-01	1.0321e-01	1.3845e-01	7.7671e-02	1.3835e-01	9.1085e-02
2455360.437500	2010	163	2010.4464041	1.333	0.803	1.000	1.7273e-01	1.3388e-01	1.5695e-01	1.6133e-01	8.9388e-02	1.2079e-01	7.4743e-02	1.4324e-01	8.0477e-02
2455360.479166	2010	163	2010.4465183	1.333	0.814	1.000	1.9206e-01	1.5823e-01	1.4758e-01	1.8018e-01	9.6451e-02	1.4502e-01	8.7053e-02	1.3404e-01	8.0432e-02
2455360.520833	2010	164	2010.4466324	1.333	0.803	1.000	1.8324e-01	1.5973e-01	1.5032e-01	1.7209e-01	9.4259e-02	1.4648e-01	8.8955e-02	1.3674e-01	8.2418e-02
2455360.562500	2010	164	2010.4467466	1.333	0.814	1.000	1.7709e-01	1.5571e-01	1.6128e-01	1.6621e-01	9.8408e-02	1.4258e-01	7.7417e-02	1.4764e-01	8.7772e-02
2455360.604166	2010	164	2010.4468607	1.333	0.804	1.000	1.7977e-01	1.5877e-01	1.4560e-01	1.6802e-01	9.1298e-02	1.4572e-01	8.3881e-02	1.3205e-01	8.0782e-02
2455360.645833	2010	164	2010.4469749	1.333	0.812	1.000	1.9424e-01	1.4244e-01	1.4172e-01	1.8263e-01	9.5916e-02	1.2923e-01	7.4445e-02	1.2801e-01	8.6714e-02
2455360.687500	2010	164	2010.4470890	1.333	0.805	1.000	1.8555e-01	1.4343e-01	1.4172e-01	1.7439e-01	1.0142e-01	1.3035e-01	8.0122e-02	1.2827e-01	7.9897e-02
2455360.729166	2010	164	2010.4472032	1.333	0.811	1.000	1.7422e-01	1.6981e-01	1.6537e-01	1.6290e-01	9.1589e-02	1.5674e-01	8.6453e-02	1.5176e-01	8.6571e-02
2455360.770833	2010	164	2010.4473174	1.333	0.807	1.000	2.0483e-01	1.5553e-01	1.2831e-01	1.9346e-01	1.0017e-01	1.4230e-01	8.1981e-02	1.1469e-01	7.6616e-02
2455360.812500	2010	164	2010.4474315	1.333	0.809	1.000	1.8741e-01	1.4511e-01	1.6987e-01	1.7593e-01	9.8875e-02	1.3197e-01	8.2313e-02	1.5655e-01	8.3480e-02
2455360.854166	2010	164	2010.4475457	1.333	0.809	1.000	1.7928e-01	1.6341e-01	1.5977e-01	1.6788e-01	9.9303e-02	1.5030e-01	8.2244e-02	1.4626e-01	8.4397e-02
2455360.895833	2010	164	2010.4476598	1.333	0.808	1.000	1.7145e-01	1.5912e-01	1.3176e-01	1.6024e-01	9.4524e-02	1.4634e-01	7.8537e-02	1.1823e-01	8.2368e-02
2455360.937500	2010	164	2010.4477740	1.333	0.810	1.000	1.6885e-01	1.2934e-01	1.3099e-01	1.5712e-01	9.0956e-02	1.1674e-01	7.5875e-02	1.1760e-01	8.3966e-02
2455360.979166	2010	164	2010.4478881	1.333	0.807	1.000	1.8085e-01	1.3807e-01	1.5457e-01	1.6896e-01	9.5653e-02	1.2497e-01	7.3282e-02	1.4107e-01	8.0882e-02
2455361.020833	2010	164	2010.4480023	1.333	0.811	1.000	1.8551e-01	1.5606e-01	1.3548e-01	1.7341e-01	9.4947e-02	1.4293e-01	7.9194e-02	1.2172e-01	7.8759e-02
2455361.062500	2010	164	2010.4481164	1.333	0.806	1.000	1.6041e-01	1.3173e-01	1.5223e-01	1.4840e-01	8.5399e-02	1.1896e-01	7.9237e-02	1.3858e-01	8.3733e-02
2455361.104166	2010	164	2010.4482306	1.333	0.812	1.000	1.5930e-01	1.5062e-01	1.4631e-01	1.4729e-01	9.0106e-02	1.3725e-01	8.1200e-02	1.3267e-01	8.0425e-02
2455361.145833	2010	164	2010.4483447	1.333	0.805	1.000	1.7342e-01	1.4404e-01	1.3655e-01	1.6109e-01	8.7832e-02	1.3110e-01	8.3133e-02	1.2319e-01	8.1386e-02
2455361.187500	2010	164	2010.4484589	1.333	0.813	1.000	1.5610e-01	1.3826e-01	1.6835e-01	1.4351e-01	9.0876e-02	1.2536e-01	7.7264e-02	1.5479e-01	8.1995e-02
2455361.229166	2010	164	2010.4485731	1.333	0.804	1.000	1.8238e-01	1.5061e-01	1.4527e-01	1.7006e-01	9.0043e-02	1.3719e-01	7.9836e-02	1.3187e-01	8.1277e-02
2455361.270833	2010	164	2010.4486872	1.333	0.814	1.000	1.7352e-01	1.5222e-01	1.4332e-01	1.6086e-01	9.6966e-02	1.3940e-01	8.1075e-02	1.2968e-01	8.3328e-02
2455361.312500	2010	164	2010.4488014	1.333	0.804	1.000	1.6793e-01	1.3262e-01	1.3166e-01	1.5515e-01	9.3077e-02	1.1959e-01	7.6096e-02	1.1828e-01	8.0651e-02
2455361.354166	2010	164	2010.4489155	1.333	0.814	1.000	1.5355e-01	1.5682e-01	1.4224e-01	1.4092e-01	8.8862e-02	1.4362e-01	8.1990e-02	1.2874e-01	7.8388e-02
2455361.395833	2010	164	2010.4490297	1.333	0.804	1.000	1.7779e-01	1.6740e-01	1.6355e-01	1.6502e-01	8.6465e-02	1.5433e-01	8.0863e-02	1.5016e-01	8.4972e-02
2455361.437500	2010	164	2010.4491438	1.333	0.814	1.000	1.6136e-01	1.5276e-01	1.3917e-01	1.4828e-01	9.5502e-02	1.4000e-01	8.0698e-02	1.2554e-01	8.0157e-02
2455361.479166	2010	164	2010.4492580	1.333	0.804	1.000	1.7547e-01	1.5255e-01	1.4009e-01	1.6294e-01	8.8626e-02	1.3942e-01	8.1610e-02	1.2645e-01	8.1302e-02
2455361.520833	2010	165	2010.4493721	1.333	0.813	1.000	1.6995e-01	1.2563e-01	1.6066e-01	1.5689e-01	9.2892e-02	1.1259e-01	7.1192e-02	1.4681e-01	8.4449e-02
2455361.562500	2010	165	2010.4494863	1.333	0.805	1.000	1.7538e-01	1.5574e-01	1.3395e-01	1.6241e-01	9.1658e-02	1.4283e-01	7.6469e-02	1.2054e-01	7.6790e-02
2455361.604166	2010	165	2010.4496005	1.333	0.811	1.000	1.6256e-01	1.4546e-01	1.4289e-01	1.4965e-01	9.4057e-02	1.3259e-01	7.9451e-02	1.2911e-01	8.4755e-02
2455361.687500	2010	165	2010.4498288	1.333	0.810	1.000	1.7129e-01	1.4542e-01	1.4567e-01	1.5821e-01	9.1013e-02	1.3235e-01	8.2682e-02	1.3218e-01	7.4194e-02
2455361.729166	2010	165	2010.4499429	1.333	0.808	1.000	1.8799e-01	1.6273e-01	1.5273e-01	1.7503e-01	9.1756e-02	1.4954e-01	7.5502e-02	1.3922e-01	8.3095e-02
2455361.770833	2010	165	2010.4500571	1.333	0.808	1.000	1.7900e-01	1.4569e-01	1.3627e-01	1.6594e-01	9.2160e-02	1.3253e-01	7.9147e-02	1.2280e-01	7.9700e-02
2455361.854166	2010	165	2010.4502854	1.333	0.806	1.000	1.8472e-01	1.3278e-01	1.3524e-01	1.7174e-01	9.5839e-02	1.2012e-01	7.6042e-02	1.2178e-01	8.2434e-02
2455410.562500	2010	214	2010.5837329	1.333	0.823	1.000	1.5887e-01	1.6825e-01	1.4768e-01	1.4643e-01	8.5884e-02	1.5504e-01	8.0012e-02	1.3427e-01	8.6443e-02
2455410.854166	2010	214	2010.5845320	1.333	0.797	1.000	1.6770e-01	1.3688e-01	1.4107e-01	1.5504e-01	9.1970e-02	1.2417e-01	7.6541e-02	1.2753e-01	8.2447e-02
2455410.895833	2010	214	2010.5846461	1.333	0.820	1.000	1.4329e-01	1.5048e-01	1.1971e-01	1.3114e-01	8.7754e-02	1.3768e-01	7.9349e-02	1.0589e-01	7.2547e-02
2455410.937500	2010	214	2010.5847603	1.333	0.802	1.000	1.7422e-01	1.3694e-01	1.5272e-01	1.6227e-01	9.4209e-02	1.2422e-01	8.0336e-02	1.3925e-01	8.0766e-02
2455410.979166	2010	214	2010.5848744	1.333	0.814	1.000	1.6988e-01	1.3342e-01	1.4591e-01	1.5755e-01	9.1379e-02	1.2032e-01	8.1269e-02	1.3260e-01	8.3117e-02
2455411.020833	2010	214	2010.5849886	1.333	0.807	1.000	1.8003e-01	1.4681e-01	1.5939e-01	1.6806e-01	8.7619e-02	1.3400e-01	8.0648e-02	1.4612e-01	8.0958e-02
2455411.104166	2010	214	2010.5852169	1.333	0.814	1.000	1.6189e-01	1.4504e-01	1.3511e-01	1.4993e-01	9.2107e-02	1.3197e-01	7.7971e-02	1.2131e-01	7.7106e-02
2455411.145833	2010	214	2010.5853311	1.333	0.801	1.000	1.5154e-01	1.5632e-01	1.4590e-01	1.3970e-01	9.1641e-02	1.4366e-01	7.6418e-02	1.3277e-01	9.1778e-02
2455411.187500	2010	214	2010.5854452	1.333	0.820	1.000	1.6595e-01	1.5156e-01	1.4138e-01	1.5392e-01	9.1058e-02	1.3852e-01	7.2786e-02	1.2765e-01	8.9718e-02
2455411.229166	2010	214	2010.5855594	1.333	0.797	1.000	1.8199e-01	1.3839e-01	1.4790e-01	1.7012e-01	9.7368e-02	1.2572e-01	7.1155e-02	1.3469e-01	8.0501e-02
2455411.270833	2010	214	2010.5856735	1.333	0.824	1.000	1.7342e-01	1.4860e-01	1.4535e-01	1.6129e-01	9.4501e-02	1.3536e-01	8.0046e-02	1.3158e-01	8.0582e-02
2455411.312500	2010	214	2010.5857877	1.333	0.795	1.000	1.7490e-01	1.3385e-01	1.3490e-01	1.6320e-01	9.1504e-02	1.2142e-01	7.7085e-02	1.2163e-01	8.2466e-02
2455411.354166	2010	214	2010.5859018	1.333	0.826	1.000	1.7421e-01	1.4118e-01	1.5612e-01	1.6182e-01	9.1562e-02	1.2816e-01	7.3599e-02	1.4256e-01	8.5332e-02
2455411.979166	2010	215	2010.5876142	1.333	0.822	1.000	1.7694e-01	1.5001e-01	1.5657e-01	1.6486e-01	8.6103e-02	1.3698e-01	7.9539e-02	1.4252e-01	8.5743e-02
2455412.020833	2010	215	2010.5877283	1.333	0.797	1.000	1.5794e-01	1.1766e-01	1.4284e-01	1.4654e-01	8.7951e-02	1.0493e-01	7.2098e-02	1.2955e-01	8.4994e-02
2455412.062500	2010	215	2010.5878425	1.333	0.822	1.000	1.6846e-01	1.5917e-01	1.6827e-01	1.5780e-01	8.8192e-02	1.4608e-01	8.0677e-02	1.5449e-01	8.5410e-02
2455412.104166	2010	215	2010.5879566	1.333	0.799	1.000	1.8660e-01	1.4235e-01	1.4716e-01	1.7738e-01	9.4502e-02	1.2928e-01	7.8587e-02	1.3393e-01	8.2227e-02
2455412.145833	2010	215	2010.5880708	1.333	0.819	1.000	1.8417e-01	1.4570e-01	1.3433e-01	1.7852e-01	9.3831e-02	1.3246e-01	8.1712e-02	1.2069e-01	7.7371e-02
2455412.187500	2010	215	2010.5881849	1.333	0.802	1.000	2.3653e-01	1.5729e-01	1.6755e-01	2.4201e-01	1.0951e-01	1.4422e-01	7.7934e-02	1.5424e-01	9.0871e-02
2455412.229166	2010	215	2010.5882991	1.333	0.814	1.000	3.1244e-01	1.3472e-01	1.7530e-01	3.3003e-01	1.2700e-01	1.2158e-01	8.0134e-02	1.6242e-01	8.3808e-02
2455412.270833	2010	215	2010.5884132	1.333	0.807	1.000	4.1148e-01	1.3112e-01	1.4167e-01	4.5293e-01	1.4539e-01	1.1823e-01	7.3647e-02	1.2911e-01	7.9643e-02
2455412.312500	2010	215	2010.5885274	1.333	0.809	1.000	3.5152e-01	1.4002e-01	1.6626e-01	3.8362e-01	1.3138e-01	1.2753e-01	7.6359e-02	1.5393e-01	8.4526e-02
2455412.354166	2010	215	2010.5886416	1.333	0.812	1.000	3.5645e-01	1.4242e-01	1.4521e-01	3.9116e-01	1.3124e-01	1.3013e-01	7.6799e-02	1.3277e-01	8.0034e-02
2455412.395833	2010	215	2010.5887557	1.333	0.804	1.000	2.7027e-01	1.2423e-01	1.3876e-01	2.8585e-01	1.0743e-01	1.1203e-01	7.0377e-02	1.2667e-01	7.6994e-02
2455412.437500	2010	215	2010.5888699	1.333	0.816	1.000	3.0875e-01	1.4618e-01	1.4414e-01	3.3065e-01	1.1731e-01	1.3381e-01	7.8023e-02	1.3182e-01	8.1706e-02
2455412.479166	2010	215	2010.5889840	1.333	0.801	1.000	2.2382e-01	1.1803e-01	1.4480e-01	2.3250e-01	1.0367e-01	1.0606e-01	6.8317e-02	1.3277e-01	8.4374e-02
2455412.520833	2010	216	2010.5890982	1.333	0.819	1.000	2.2343e-01	1.4210e-01	1.4231e-01	2.3153e-01	9.9166e-02	1.2975e-01	7.8108e-02	1.2985e-01	8.0900e-02
2455412.562500	2010	216	2010.5892123	1.333	0.799	1.000	2.1590e-01	1.4834e-01	1.4499e-01	2.2045e-01	8.8650e-02	1.3657e-01	7.3166e-02	1.3265e-01	7.6846e-02
2455412.604166	2010	216	2010.5893265	1.333	0.820	1.000	2.4877e-01	1.3796e-01	1.4230e-01	2.6124e-01	1.0319e-01	1.2569e-01	7.5471e-02	1.2956e-01	8.4696e-02
2455412.645833	2010	216	2010.5894406	1.333	0.799	1.000	2.0334e-01	1.5055e-01	1.4250e-01	2.0236e-01	9.1948e-02	1.3874e-01	8.0994e-02	1.3056e-01	7.2840e-02
2455412.687500	2010	216	2010.5895548	1.333	0.819	1.000	2.0314e-01	1.2638e-01	1.4257e-01	2.0015e-01	9.0521e-02	1.1441e-01	7.4048e-02	1.2982e-01	7.1928e-02
2455412.729166	2010	216	2010.5896689	1.333	0.800	1.000	1.5584e-01	1.3603e-01	1.2779e-01	1.4726e-01	8.3728e-02	1.2470e-01	6.6383e-02	1.1572e-01	6.9910e-02
2455412.770833	2010	216	2010.5897831	1.333	0.816	1.000	1.5222e-01	1.4685e-01	1.3330e-01	1.4266e-01	8.4688e-02	1.3456e-01	8.1627e-02	1.2066e-01	7.6066e-02
2455412.812500	2010	216	2010.5898973	1.333	0.803	1.000	1.4902e-01	1.3026e-01	1.2616e-01	1.4001e-01	8.1430e-02	1.1860e-01	7.2841e-02	1.1401e-01	6.6724e-02
2455412.854166	2010	216	2010.5900114	1.333	0.813	1.000	1.3956e-01	1.2321e-01	1.3049e-01	1.3026e-01	8.0789e-02	1.1141e-01	6.7701e-02	1.1810e-01	7.1879e-02
2455412.895833	2010	216	2010.5901256	1.333	0.807	1.000	1.6265e-01	1.3201e-01	1.3644e-01	1.5372e-01	8.0249e-02	1.2046e-01	6.8841e-02	1.2441e-01	8.0911e-02
2455416.354166	2010	219	2010.5996005	1.333	0.805	1.000	1.5115e-01	1.5608e-01	1.4179e-01	1.3842e-01	8.5334e-02	1.4350e-01	7.6124e-02	1.2890e-01	8.2339e-02
2455416.395833	2010	219	2010.5997146	1.333	0.813	1.000	1.6177e-01	1.4016e-01	1.3909e-01	1.4932e-01	9.1081e-02	1.2774e-01	7.5734e-02	1.2616e-01	8.0655e-02
2455416.437500	2010	219	2010.5998288	1.333	0.804	1.000	1.9058e-01	1.4285e-01	1.4353e-01	1.7834e-01	9.2130e-02	1.3060e-01	7.5571e-02	1.3073e-01	8.0670e-02
2455416.479166	2010	219	2010.5999429	1.333	0.814	1.000	1.8611e-01	1.2661e-01	1.3811e-01	1.7561e-01	9.0728e-02	1.1437e-01	6.9039e-02	1.2540e-01	7.8710e-02
2455416.520833	2010	220	2010.6000571	1.333	0.803	1.000	1.8596e-01	1.2755e-01	1.2447e-01	1.7574e-01	9.2073e-02	1.1517e-01	7.3094e-02	1.1161e-01	7.8373e-02
2455416.562500	2010	220	2010.6001712	1.333	0.815	1.000	1.7236e-01	1.4607e-01	1.3671e-01	1.6234e-01	9.5774e-02	1.3387e-01	7.2716e-02	1.2379e-01	7.8024e-02
2455416.604166	2010	220	2010.6002854	1.333	0.803	1.000	1.8324e-01	1.4145e-01	1.5804e-01	1.7336e-01	9.4351e-02	1.2909e-01	7.8572e-02	1.4531e-01	7.6525e-02
2455416.645833	2010	220	2010.6003995	1.333	0.815	1.000	1.8407e-01	1.4481e-01	1.5610e-01	1.7437e-01	1.0440e-01	1.3208e-01	7.9349e-02	1.4329e-01	8.0223e-02
2455416.687500	2010	220	2010.6005137	1.333	0.803	1.000	1.8389e-01	1.5396e-01	1.3329e-01	1.7441e-01	9.5266e-02	1.4138e-01	7.2740e-02	1.2033e-01	7.9121e-02
2455416.729166	2010	220	2010.6006279	1.333	0.815	1.000	1.5886e-01	1.4927e-01	1.6100e-01	1.4928e-01	8.3010e-02	1.3654e-01	7.0988e-02	1.4802e-01	7.8719e-02
2455416.770833	2010	220	2010.6007420	1.333	0.804	1.000	1.8089e-01	1.4314e-01	1.3432e-01	1.7071e-01	8.8455e-02	1.3074e-01	7.3489e-02	1.2153e-01	8.4089e-02
2455416.812500	2010	220	2010.6008562	1.333	0.814	1.000	1.7899e-01	1.5440e-01	1.5414e-01	1.6968e-01	8.9992e-02	1.4194e-01	8.1243e-02	1.4128e-01	8.4176e-02
2455416.854166	2010	220	2010.6009703	1.333	0.805	1.000	1.5513e-01	1.3168e-01	1.4608e-01	1.4502e-01	8.6930e-02	1.1912e-01	7.3817e-02	1.3348e-01	8.2287e-02
2455416.895833	2010	220	2010.6010845	1.333	0.811	1.000	1.6952e-01	1.4776e-01	1.4949e-01	1.6012e-01	9.3223e-02	1.3525e-01	7.5993e-02	1.3663e-01	8.2019e-02
2455416.937500	2010	220	2010.6011986	1.333	0.808	1.000	1.9109e-01	1.6927e-01	1.4437e-01	1.8230e-01	1.0086e-01	1.5690e-01	7.9664e-02	1.3174e-01	7.9163e-02
2455416.979166	2010	220	2010.6013128	1.333	0.808	1.000	1.8594e-01	1.4962e-01	1.4197e-01	1.7821e-01	1.0437e-01	1.3700e-01	8.0978e-02	1.2899e-01	7.6413e-02
2455417.020833	2010	220	2010.6014269	1.333	0.812	1.000	1.9692e-01	1.3911e-01	1.3867e-01	1.8869e-01	9.7894e-02	1.2654e-01	7.7535e-02	1.2571e-01	7.9043e-02
2455417.062500	2010	220	2010.6015411	1.333	0.804	1.000	1.8386e-01	1.3762e-01	1.3409e-01	1.7565e-01	9.8728e-02	1.2507e-01	7.7769e-02	1.2157e-01	7.5235e-02
2455417.104166	2010	220	2010.6016553	1.333	0.817	1.000	1.8143e-01	1.4013e-01	1.5074e-01	1.7320e-01	9.5252e-02	1.2731e-01	8.3785e-02	1.3790e-01	7.6666e-02
2455417.145833	2010	220	2010.6017694	1.333	0.800	1.000	1.7728e-01	1.6621e-01	1.6217e-01	1.6861e-01	9.4905e-02	1.5366e-01	7.8822e-02	1.4926e-01	8.2964e-02
2455417.187500	2010	220	2010.6018836	1.333	0.822	1.000	1.8146e-01	1.3835e-01	1.5367e-01	1.7226e-01	8.9950e-02	1.2556e-01	7.7083e-02	1.4045e-01	7.7381e-02
2455417.229166	2010	220	2010.6019977	1.333	0.797	1.000	1.8790e-01	1.1662e-01	1.4227e-01	1.7838e-01	9.3493e-02	1.0411e-01	7.2353e-02	1.2964e-01	7.9890e-02
2455417.270833	2010	220	2010.6021119	1.333	0.824	1.000	1.8274e-01	1.3357e-01	1.5069e-01	1.7321e-01	9.0903e-02	1.2074e-01	7.8861e-02	1.3747e-01	8.0803e-02
2455417.312500	2010	220	2010.6022260	1.333	0.796	1.000	1.8494e-01	1.5046e-01	1.2648e-01	1.7679e-01	9.4914e-02	1.3794e-01	7.5899e-02	1.1378e-01	7.9499e-02
2455417.354166	2010	220	2010.6023402	1.333	0.823	1.000	1.8225e-01	1.4245e-01	1.5078e-01	1.7276e-01	9.6062e-02	1.2962e-01	7.8737e-02	1.3768e-01	7.5126e-02
2455417.395833	2010	220	2010.6024543	1.333	0.797	1.000	1.7533e-01	1.3335e-01	1.4587e-01	1.6648e-01	9.0950e-02	1.2113e-01	7.2205e-02	1.3317e-01	8.2918e-02
2455417.437500	2010	220	2010.6025685	1.333	0.819	1.000	1.6130e-01	1.3651e-01	1.2763e-01	1.5185e-01	8.7885e-02	1.2377e-01	7.5068e-02	1.1464e-01	8.3494e-02
2455417.479166	2010	220	2010.6026826	1.333	0.802	1.000	1.7636e-01	1.4398e-01	1.6225e-01	1.6661e-01	9.4705e-02	1.3146e-01	7.0422e-02	1.4968e-01	8.1917e-02
2455417.520833	2010	221	2010.6027968	1.333	0.813	1.000	1.5566e-01	1.2992e-01	1.5936e-01	1.4492e-01	8.7370e-02	1.1729e-01	6.9621e-02	1.4633e-01	8.4419e-02
2455417.562500	2010	221	2010.6029110	1.333	0.808	1.000	1.7657e-01	1.4412e-01	1.5042e-01	1.6668e-01	9.5820e-02	1.3159e-01	8.0874e-02	1.3735e-01	8.7494e-02
2455417.604166	2010	221	2010.6030251	1.333	0.806	1.000	1.7177e-01	1.3813e-01	1.5300e-01	1.6142e-01	9.3217e-02	1.2527e-01	8.2219e-02	1.3998e-01	7.9138e-02
2455417.645833	2010	221	2010.6031393	1.333	0.816	1.000	1.7777e-01	1.3716e-01	1.4929e-01	1.6780e-01	8.8775e-02	1.2466e-01	7.3211e-02	1.3626e-01	8.1257e-02
2455417.687500	2010	221	2010.6032534	1.333	0.799	1.000	1.6571e-01	1.4696e-01	1.3364e-01	1.5506e-01	1.0062e-01	1.3430e-01	8.0932e-02	1.2061e-01	8.2120e-02
2455417.729166	2010	221	2010.6033676	1.333	0.824	1.000	2.0109e-01	1.3674e-01	1.5358e-01	1.9071e-01	9.6256e-02	1.2404e-01	7.3608e-02	1.4062e-01	8.8513e-02
2455417.770833	2010	221	2010.6034817	1.333	0.794	1.000	1.6304e-01	1.4636e-01	1.4713e-01	1.5256e-01	8.7530e-02	1.3365e-01	7.6036e-02	1.3412e-01	8.3445e-02
2455417.812500	2010	221	2010.6035959	1.333	0.829	1.000	1.8566e-01	1.5221e-01	1.4526e-01	1.7422e-01	9.0188e-02	1.3909e-01	8.0039e-02	1.3227e-01	8.3195e-02
2455417.854166	2010	221	2010.6037100	1.333	0.791	1.000	1.6804e-01	1.1965e-01	1.3357e-01	1.5718e-01	8.2245e-02	1.0754e-01	7.6665e-02	1.2055e-01	7.8310e-02
2455417.895833	2010	221	2010.6038242	1.333	0.831	1.000	1.7608e-01	1.3556e-01	1.6351e-01	1.6466e-01	9.6059e-02	1.2283e-01	7.7281e-02	1.5015e-01	8.2777e-02
2455417.937500	2010	221	2010.6039384	1.333	0.791	1.000	1.5052e-01	1.4737e-01	1.2449e-01	1.3990e-01	9.0616e-02	1.3489e-01	7.8451e-02	1.1184e-01	7.5008e-02
2455417.979166	2010	221	2010.6040525	1.333	0.830	1.000	1.6602e-01	1.5635e-01	1.4133e-01	1.5528e-01	9.1596e-02	1.4367e-01	7.9278e-02	1.2825e-01	8.1319e-02
2455418.020833	2010	221	2010.6041667	1.333	0.793	1.000	1.6155e-01	1.4188e-01	1.4540e-01	1.5121e-01	8.7470e-02	1.2923e-01	7.7891e-02	1.3247e-01	8.0653e-02
2455418.062500	2010	221	2010.6042808	1.333	0.825	1.000	1.5764e-01	1.5093e-01	1.4042e-01	1.4691e-01	8.7807e-02	1.3781e-01	8.2384e-02	1.2717e-01	7.7038e-02
2455418.104166	2010	221	2010.6043950	1.333	0.797	1.000	1.7374e-01	1.3596e-01	1.3675e-01	1.6304e-01	8.8210e-02	1.2360e-01	7.3816e-02	1.2406e-01	8.0877e-02
2455418.145833	2010	221	2010.6045091	1.333	0.819	1.000	1.6714e-01	1.4497e-01	1.4004e-01	1.5637e-01	8.9415e-02	1.3217e-01	7.4317e-02	1.2699e-01	8.2335e-02
2455418.187500	2010	221	2010.6046233	1.333	0.803	1.000	1.6833e-01	1.5895e-01	1.4460e-01	1.5722e-01	9.1011e-02	1.4642e-01	7.7593e-02	1.3155e-01	8.1084e-02
2455418.229166	2010	221	2010.6047374	1.333	0.812	1.000	1.6357e-01	1.4625e-01	1.5211e-01	1.5158e-01	9.0196e-02	1.3337e-01	7.8021e-02	1.3759e-01	8.5992e-02
2455418.270833	2010	221	2010.6048516	1.333	0.809	1.000	1.5559e-01	1.4079e-01	1.2376e-01	1.4452e-01	8.8305e-02	1.2818e-01	7.6398e-02	1.1055e-01	7.1096e-02
2455418.312500	2010	221	2010.6049658	1.333	0.805	1.000	1.6478e-01	1.4208e-01	1.3519e-01	1.5357e-01	8.8935e-02	1.2911e-01	8.2842e-02	1.2200e-01	7.7698e-02
2455418.354166	2010	221	2010.6050799	1.333	0.816	1.000	1.7515e-01	1.4963e-01	1.5954e-01	1.6347e-01	8.5902e-02	1.3700e-01	7.7364e-02	1.4627e-01	7.4439e-02
2455418.395833	2010	221	2010.6051941	1.333	0.799	1.000	1.6005e-01	1.2465e-01	1.3742e-01	1.4856e-01	8.3850e-02	1.1211e-01	8.1425e-02	1.2437e-01	8.0299e-02
2455418.437500	2010	221	2010.6053082	1.333	0.822	1.000	1.5036e-01	1.4377e-01	1.2339e-01	1.3865e-01	9.0174e-02	1.3070e-01	7.5716e-02	1.1049e-01	7.1707e-02
2455418.479166	2010	221	2010.6054224	1.333	0.795	1.000	1.4468e-01	1.5640e-01	1.4408e-01	1.3312e-01	8.2563e-02	1.4375e-01	7.8863e-02	1.3108e-01	8.4075e-02
2455418.520833	2010	222	2010.6055365	1.333	0.826	1.000	1.5018e-01	1.4852e-01	1.5809e-01	1.3860e-01	9.3359e-02	1.3527e-01	7.7953e-02	1.4450e-01	8.0988e-02
2455418.562500	2010	222	2010.6056507	1.333	0.793	1.000	1.5573e-01	1.5318e-01	1.4288e-01	1.4478e-01	8.5628e-02	1.4084e-01	7.8331e-02	1.2989e-01	7.8403e-02
2455418.604166	2010	222	2010.6057648	1.333	0.828	1.000	1.8558e-01	1.4152e-01	1.4578e-01	1.7427e-01	9.0631e-02	1.2858e-01	7.7406e-02	1.3233e-01	8.6316e-02
2455418.645833	2010	222	2010.6058790	1.333	0.793	1.000	1.6224e-01	1.2155e-01	1.4756e-01	1.5093e-01	9.1689e-02	1.0910e-01	7.1746e-02	1.3483e-01	7.9281e-02
2455418.687500	2010	222	2010.6059932	1.333	0.827	1.000	1.6760e-01	1.3835e-01	1.4479e-01	1.5606e-01	9.0572e-02	1.2563e-01	7.5863e-02	1.3139e-01	7.9831e-02
2455418.729166	2010	222	2010.6061073	1.333	0.794	1.000	1.4871e-01	1.3381e-01	1.3289e-01	1.3757e-01	8.8990e-02	1.2123e-01	7.6699e-02	1.2012e-01	7.6702e-02
2455418.770833	2010	222	2010.6062215	1.333	0.824	1.000	1.6080e-01	1.6422e-01	1.5831e-01	1.4914e-01	9.1140e-02	1.5138e-01	7.6771e-02	1.4504e-01	8.4977e-02
2455418.812500	2010	222	2010.6063356	1.333	0.798	1.000	1.7178e-01	1.3897e-01	1.2226e-01	1.6010e-01	8.3172e-02	1.2625e-01	8.2762e-02	1.0931e-01	7.5656e-02
2455418.854166	2010	222	2010.6064498	1.333	0.818	1.000	1.6903e-01	1.3500e-01	1.3656e-01	1.5728e-01	9.0591e-02	1.2211e-01	8.2484e-02	1.2333e-01	7.2972e-02
2455418.895833	2010	222	2010.6065639	1.333	0.803	1.000	1.5927e-01	1.3647e-01	1.4342e-01	1.4753e-01	8.6742e-02	1.2394e-01	7.6230e-02	1.3016e-01	7.8834e-02
2455418.937500	2010	222	2010.6066781	1.333	0.812	1.000	1.4687e-01	1.4242e-01	1.4357e-01	1.3503e-01	9.2164e-02	1.2960e-01	7.4215e-02	1.3059e-01	7.9757e-02
2455418.979166	2010	222	2010.6067922	1.333	0.809	1.000	1.6293e-01	1.3797e-01	1.5667e-01	1.5102e-01	8.2669e-02	1.2527e-01	7.6198e-02	1.4375e-01	8.0272e-02
2455419.020833	2010	222	2010.6069064	1.333	0.806	1.000	1.8375e-01	1.2830e-01	1.3490e-01	1.7208e-01	9.5924e-02	1.1557e-01	7.4362e-02	1.2189e-01	7.5755e-02
2455419.062500	2010	222	2010.6070205	1.333	0.815	1.000	1.5959e-01	1.3566e-01	1.4913e-01	1.4769e-01	9.0028e-02	1.2293e-01	7.9106e-02	1.3596e-01	7.9379e-02
2455419.104166	2010	222	2010.6071347	1.333	0.800	1.000	1.4524e-01	1.3937e-01	1.5153e-01	1.3327e-01	8.3392e-02	1.2697e-01	7.5739e-02	1.3874e-01	8.3582e-02
2455419.145833	2010	222	2010.6072489	1.333	0.822	1.000	1.6402e-01	1.3524e-01	1.3364e-01	1.5195e-01	9.1189e-02	1.2233e-01	7.2687e-02	1.2041e-01	7.9953e-02
2455419.187500	2010	222	2010.6073630	1.333	0.796	1.000	1.5079e-01	1.1280e-01	1.6238e-01	1.3876e-01	8.4931e-02	1.0037e-01	7.0700e-02	1.4954e-01	8.1483e-02
2455419.270833	2010	222	2010.6075913	1.333	0.794	1.000	1.3962e-01	1.4215e-01	1.3653e-01	1.2759e-01	8.1528e-02	1.2972e-01	7.4168e-02	1.2358e-01	7.7705e-02
2455422.937500	2010	226	2010.6176370	1.333	0.829	1.000	1.6503e-01	1.4858e-01	1.5456e-01	1.5075e-01	8.9113e-02	1.3535e-01	7.6077e-02	1.4089e-01	8.3141e-02
2455422.979166	2010	226	2010.6177511	1.333	0.793	1.000	3.9956e-01	1.6331e-01	2.0056e-01	3.8804e-01	1.9618e-01	1.4890e-01	8.6896e-02	1.8700e-01	1.0071e-01
2455423.020833	2010	226	2010.6178653	1.333	0.826	1.000	6.1719e-01	1.6611e-01	2.6152e-01	6.6584e-01	2.5449e-01	1.5157e-01	8.8140e-02	2.5116e-01	9.8195e-02
2455423.062500	2010	226	2010.6179795	1.333	0.797	1.000	5.9820e-01	1.6752e-01	2.2645e-01	6.5112e-01	2.4433e-01	1.5345e-01	8.5269e-02	2.1585e-01	9.2238e-02
2455423.104166	2010	226	2010.6180936	1.333	0.820	1.000	4.8254e-01	1.6313e-01	2.1074e-01	5.2423e-01	2.0476e-01	1.4930e-01	8.3820e-02	1.9891e-01	9.4705e-02
2455423.145833	2010	226	2010.6182078	1.333	0.802	1.000	5.3455e-01	1.4143e-01	1.9232e-01	5.9290e-01	2.1555e-01	1.2803e-01	7.8436e-02	1.8085e-01	8.8726e-02
2455423.187500	2010	226	2010.6183219	1.333	0.814	1.000	4.3115e-01	1.5602e-01	1.8499e-01	4.6288e-01	1.7535e-01	1.4255e-01	7.7517e-02	1.7324e-01	8.7051e-02
2455423.229166	2010	226	2010.6184361	1.333	0.808	1.000	3.7297e-01	1.3352e-01	1.8998e-01	4.0131e-01	1.5693e-01	1.2047e-01	7.4518e-02	1.7768e-01	9.5957e-02
2455423.270833	2010	226	2010.6185502	1.333	0.807	1.000	3.5676e-01	1.7228e-01	1.6614e-01	3.8948e-01	1.5563e-01	1.5885e-01	8.6252e-02	1.5396e-01	8.6878e-02
2455423.312500	2010	226	2010.6186644	1.333	0.815	1.000	3.5246e-01	1.4944e-01	1.7098e-01	3.8572e-01	1.5262e-01	1.3606e-01	8.2784e-02	1.5873e-01	8.2004e-02
2455423.354166	2010	226	2010.6187785	1.333	0.800	1.000	3.3628e-01	1.4289e-01	1.7052e-01	3.6149e-01	1.4642e-01	1.3012e-01	7.4131e-02	1.5771e-01	7.9994e-02
2455423.395833	2010	226	2010.6188927	1.333	0.822	1.000	3.1495e-01	1.7313e-01	1.5999e-01	3.3213e-01	1.3191e-01	1.6022e-01	8.3567e-02	1.4743e-01	8.2685e-02
2455423.437500	2010	226	2010.6190068	1.333	0.795	1.000	2.9256e-01	1.3827e-01	1.7198e-01	3.1086e-01	1.3404e-01	1.2526e-01	7.7236e-02	1.5947e-01	8.7869e-02
2455423.479166	2010	226	2010.6191210	1.333	0.828	1.000	3.0099e-01	1.6468e-01	1.5555e-01	3.1225e-01	1.3660e-01	1.5149e-01	8.4025e-02	1.4272e-01	8.5266e-02
2455423.520833	2010	227	2010.6192352	1.333	0.791	1.000	2.4258e-01	1.3836e-01	1.5558e-01	2.5200e-01	1.1497e-01	1.2573e-01	7.4956e-02	1.4318e-01	8.5770e-02
2455423.562500	2010	227	2010.6193493	1.333	0.832	1.000	2.6462e-01	1.3206e-01	1.4738e-01	2.7021e-01	1.1434e-01	1.1884e-01	7.8449e-02	1.3417e-01	8.2281e-02
2455423.604166	2010	227	2010.6194635	1.333	0.790	1.000	2.3147e-01	1.3909e-01	1.6098e-01	2.3506e-01	1.0790e-01	1.2625e-01	7.4477e-02	1.4839e-01	8.1000e-02
2455423.645833	2010	227	2010.6195776	1.333	0.832	1.000	2.4851e-01	1.4487e-01	1.5450e-01	2.4915e-01	1.1743e-01	1.3150e-01	8.4581e-02	1.4117e-01	8.2973e-02
2455423.687500	2010	227	2010.6196918	1.333	0.791	1.000	2.2117e-01	1.4457e-01	1.4232e-01	2.2084e-01	1.1164e-01	1.3170e-01	7.4543e-02	1.2972e-01	7.8889e-02
2455423.729166	2010	227	2010.6198059	1.333	0.830	1.000	2.1867e-01	1.4757e-01	1.3631e-01	2.1572e-01	1.0299e-01	1.3412e-01	7.6977e-02	1.2158e-01	8.5351e-02
2455423.770833	2010	227	2010.6199201	1.333	0.793	1.000	1.9424e-01	1.2096e-01	1.4551e-01	1.9053e-01	9.8579e-02	1.0844e-01	6.7357e-02	1.3255e-01	7.3686e-02
2455423.812500	2010	227	2010.6200342	1.333	0.826	1.000	1.9275e-01	1.5625e-01	1.6150e-01	1.8772e-01	9.8519e-02	1.4322e-01	8.1868e-02	1.4799e-01	9.0031e-02
2455423.854166	2010	227	2010.6201484	1.333	0.797	1.000	1.9741e-01	1.5022e-01	1.6231e-01	1.9196e-01	9.7639e-02	1.3745e-01	8.2279e-02	1.4928e-01	8.3552e-02
2455423.895833	2010	227	2010.6202626	1.333	0.820	1.000	1.7996e-01	1.3739e-01	1.4701e-01	1.7369e-01	9.2180e-02	1.2433e-01	8.0924e-02	1.3387e-01	8.4273e-02
2455423.937500	2010	227	2010.6203767	1.333	0.803	1.000	2.1129e-01	1.4262e-01	1.4072e-01	2.0548e-01	1.0128e-01	1.2990e-01	7.9399e-02	1.2759e-01	8.4856e-02
2455423.979166	2010	227	2010.6204909	1.333	0.812	1.000	1.9118e-01	1.5157e-01	1.4792e-01	1.8471e-01	1.0237e-01	1.3883e-01	7.8086e-02	1.3473e-01	7.8641e-02
2455424.020833	2010	227	2010.6206050	1.333	0.810	1.000	1.8197e-01	1.5029e-01	1.5419e-01	1.7431e-01	9.6030e-02	1.3767e-01	7.9066e-02	1.4087e-01	8.2684e-02
2455424.062500	2010	227	2010.6207192	1.333	0.805	1.000	1.8433e-01	1.5852e-01	1.3470e-01	1.7722e-01	9.4341e-02	1.4567e-01	8.2806e-02	1.2190e-01	7.9709e-02
2455424.104166	2010	227	2010.6208333	1.333	0.817	1.000	1.8953e-01	1.5611e-01	1.3491e-01	1.8164e-01	9.8904e-02	1.4323e-01	7.5439e-02	1.2161e-01	8.1249e-02
2455424.145833	2010	227	2010.6209475	1.333	0.799	1.000	1.7915e-01	1.3928e-01	1.4196e-01	1.7068e-01	9.2567e-02	1.2650e-01	7.9265e-02	1.2908e-01	8.4444e-02
2455424.187500	2010	227	2010.6210616	1.333	0.824	1.000	1.8766e-01	1.4418e-01	1.4985e-01	1.7847e-01	9.5956e-02	1.3100e-01	7.4615e-02	1.3635e-01	8.5875e-02
2455424.229166	2010	227	2010.6211758	1.333	0.794	1.000	1.7334e-01	1.3992e-01	1.5295e-01	1.6450e-01	9.1253e-02	1.2733e-01	7.7525e-02	1.3994e-01	7.7894e-02
2455424.270833	2010	227	2010.6212900	1.333	0.830	1.000	1.8098e-01	1.4018e-01	1.7503e-01	1.7112e-01	9.3827e-02	1.2716e-01	8.1625e-02	1.6132e-01	8.2096e-02
2455424.312500	2010	227	2010.6214041	1.333	0.791	1.000	1.6929e-01	1.4247e-01	1.2659e-01	1.5981e-01	9.4818e-02	1.3002e-01	8.1182e-02	1.1371e-01	8.3109e-02
2455424.372222	2010	227	2010.6215677	1.333	0.815	1.000	2.1944e-01	1.7465e-01	1.6721e-01	2.0860e-01	9.2915e-02	1.6160e-01	8.0186e-02	1.5418e-01	8.2307e-02
2455424.413889	2010	227	2010.6216819	1.333	0.808	1.000	1.4107e-01	1.5117e-01	1.4042e-01	1.3054e-01	8.4875e-02	1.3847e-01	8.6287e-02	1.2720e-01	8.6777e-02
2455424.455555	2010	227	2010.6217960	1.333	0.807	1.000	1.6154e-01	1.5477e-01	1.4973e-01	1.5119e-01	9.0617e-02	1.4200e-01	7.4876e-02	1.3649e-01	7.5282e-02
2455424.497222	2010	227	2010.6219102	1.333	0.816	1.000	1.7473e-01	1.6224e-01	1.5459e-01	1.6380e-01	8.6789e-02	1.4943e-01	7.9691e-02	1.4170e-01	8.2464e-02
2455424.520833	2010	228	2010.6219749	1.333	0.829	1.000	1.6719e-01	1.6976e-01	1.6327e-01	1.5604e-01	9.0426e-02	1.5641e-01	8.2959e-02	1.4980e-01	7.8142e-02
2455424.562500	2010	228	2010.6220890	1.333	0.795	1.000	1.7082e-01	1.4316e-01	1.5806e-01	1.6027e-01	8.8035e-02	1.3048e-01	7.8409e-02	1.4510e-01	8.6816e-02
2455424.604166	2010	228	2010.6222032	1.333	0.822	1.000	1.6914e-01	1.4045e-01	1.5571e-01	1.5833e-01	8.7220e-02	1.2748e-01	6.9421e-02	1.4222e-01	8.5352e-02
2455424.645833	2010	228	2010.6223174	1.333	0.801	1.000	1.6418e-01	1.5539e-01	1.4610e-01	1.5296e-01	8.6093e-02	1.4295e-01	7.5896e-02	1.3280e-01	8.1385e-02
2455424.687500	2010	228	2010.6224315	1.333	0.814	1.000	1.6060e-01	1.4333e-01	1.3436e-01	1.4927e-01	9.2014e-02	1.3060e-01	8.0513e-02	1.2147e-01	8.2615e-02
2455424.729166	2010	228	2010.6225457	1.333	0.809	1.000	1.5310e-01	1.4291e-01	1.6638e-01	1.4120e-01	8.4249e-02	1.3055e-01	7.2592e-02	1.5336e-01	8.2877e-02
2455424.770833	2010	228	2010.6226598	1.333	0.805	1.000	1.6655e-01	1.1941e-01	1.3889e-01	1.5517e-01	8.6890e-02	1.0644e-01	7.2924e-02	1.2572e-01	7.9289e-02
2455424.812500	2010	228	2010.6227740	1.333	0.817	1.000	1.7072e-01	1.4186e-01	1.4938e-01	1.5890e-01	9.3443e-02	1.2880e-01	7.7493e-02	1.3593e-01	8.2845e-02
2455424.854166	2010	228	2010.6228881	1.333	0.798	1.000	1.6127e-01	1.4766e-01	1.3376e-01	1.4946e-01	8.8346e-02	1.3500e-01	7.7798e-02	1.2037e-01	7.4951e-02
2455424.895833	2010	228	2010.6230023	1.333	0.825	1.000	1.8133e-01	1.6855e-01	1.5773e-01	1.6922e-01	8.9694e-02	1.5573e-01	8.3961e-02	1.4434e-01	8.1044e-02
2455424.937500	2010	228	2010.6231164	1.333	0.793	1.000	1.5630e-01	1.4957e-01	1.2736e-01	1.4433e-01	8.4568e-02	1.3715e-01	7.8444e-02	1.1429e-01	7.8641e-02
2455424.979166	2010	228	2010.6232306	1.333	0.830	1.000	1.4695e-01	1.3601e-01	1.5440e-01	1.3489e-01	8.3895e-02	1.2292e-01	7.9504e-02	1.4109e-01	8.2058e-02
2455425.020833	2010	228	2010.6233447	1.333	0.791	1.000	1.6501e-01	1.3601e-01	1.4843e-01	1.5334e-01	8.7796e-02	1.2338e-01	7.3941e-02	1.3539e-01	8.0734e-02
2455425.062500	2010	228	2010.6234589	1.333	0.832	1.000	1.4372e-01	1.4382e-01	1.4954e-01	1.3115e-01	8.2793e-02	1.3039e-01	7.2278e-02	1.3617e-01	7.6214e-02
2455425.104166	2010	228	2010.6235731	1.333	0.791	1.000	1.6125e-01	1.4537e-01	1.5103e-01	1.4912e-01	8.1171e-02	1.3280e-01	7.2589e-02	1.3813e-01	7.6341e-02
2455425.187511	2010	228	2010.6238014	1.333	0.794	1.000	1.4270e-01	1.5142e-01	1.5324e-01	1.3082e-01	8.9264e-02	1.3877e-01	7.7457e-02	1.3999e-01	8.3185e-02
2455425.229178	2010	228	2010.6239156	1.333	0.824	1.000	1.5051e-01	1.3411e-01	1.2909e-01	1.3831e-01	8.6258e-02	1.2109e-01	8.0225e-02	1.1576e-01	7.5108e-02
2455425.270845	2010	228	2010.6240297	1.333	0.799	1.000	1.4914e-01	1.2101e-01	1.4769e-01	1.3722e-01	8.2358e-02	1.0856e-01	7.1300e-02	1.3432e-01	8.1172e-02
2455425.312511	2010	228	2010.6241439	1.333	0.816	1.000	1.6955e-01	1.3262e-01	1.6112e-01	1.5666e-01	8.9254e-02	1.1962e-01	7.8743e-02	1.4766e-01	7.5852e-02
2455425.354178	2010	228	2010.6242580	1.333	0.806	1.000	1.7562e-01	1.2784e-01	1.5134e-01	1.6285e-01	9.2593e-02	1.1499e-01	7.2287e-02	1.3802e-01	7.9493e-02
2455426.770833	2010	230	2010.6281393	1.333	0.817	1.000	1.6863e-01	1.5552e-01	1.2897e-01	1.5420e-01	9.1259e-02	1.4260e-01	8.0973e-02	1.1527e-01	8.0994e-02
2455426.812500	2010	230	2010.6282534	1.333	0.798	1.000	1.7062e-01	1.4274e-01	1.2906e-01	1.5232e-01	9.5238e-02	1.2977e-01	7.9480e-02	1.1501e-01	8.0124e-02
2455426.854166	2010	230	2010.6283676	1.333	0.823	1.000	2.1394e-01	1.7228e-01	1.3834e-01	1.9757e-01	1.0833e-01	1.5878e-01	8.2520e-02	1.2456e-01	7.7960e-02
2455426.895833	2010	230	2010.6284817	1.333	0.795	1.000	2.8101e-01	1.2996e-01	1.4952e-01	2.8108e-01	1.3034e-01	1.1705e-01	7.4086e-02	1.3635e-01	8.2309e-02
2455426.937500	2010	230	2010.6285959	1.333	0.826	1.000	3.1666e-01	1.7980e-01	2.1101e-01	3.3241e-01	1.4711e-01	1.6596e-01	8.4286e-02	1.7582e-01	1.2267e-01
2455426.979166	2010	230	2010.6287100	1.333	0.794	1.000	3.3838e-01	1.6503e-01	1.7777e-01	3.5584e-01	1.4326e-01	1.5204e-01	7.8728e-02	1.6501e-01	8.6281e-02
2455427.020833	2010	230	2010.6288242	1.333	0.826	1.000	2.9612e-01	1.4931e-01	2.0105e-01	3.1420e-01	1.3230e-01	1.3571e-01	8.3682e-02	1.6665e-01	1.1898e-01
2455427.062500	2010	230	2010.6289384	1.333	0.795	1.000	2.9003e-01	1.4783e-01	1.6046e-01	3.0973e-01	1.2856e-01	1.3510e-01	7.2148e-02	1.4740e-01	8.0095e-02
2455427.104166	2010	230	2010.6290525	1.333	0.823	1.000	3.1232e-01	1.4529e-01	1.6130e-01	3.3070e-01	1.3444e-01	1.3211e-01	7.8078e-02	1.4822e-01	7.4408e-02
2455427.145833	2010	230	2010.6291667	1.333	0.798	1.000	2.6950e-01	1.4146e-01	1.6535e-01	2.8445e-01	1.1458e-01	1.2853e-01	8.2335e-02	1.5270e-01	8.1428e-02
2455427.187500	2010	230	2010.6292808	1.333	0.818	1.000	2.5464e-01	1.4146e-01	1.6298e-01	2.6699e-01	1.1699e-01	1.2858e-01	7.3584e-02	1.4991e-01	8.1638e-02
2455427.229166	2010	230	2010.6293950	1.333	0.803	1.000	2.6387e-01	1.3489e-01	1.4416e-01	2.7443e-01	1.2000e-01	1.2205e-01	7.9381e-02	1.3136e-01	8.9678e-02
2455427.270833	2010	230	2010.6295091	1.333	0.812	1.000	2.5166e-01	1.4630e-01	1.5831e-01	2.5664e-01	1.1237e-01	1.3324e-01	7.9019e-02	1.4517e-01	8.5638e-02
2455427.312500	2010	230	2010.6296233	1.333	0.809	1.000	2.1392e-01	1.3147e-01	1.4815e-01	2.1818e-01	9.9125e-02	1.1878e-01	7.4957e-02	1.3517e-01	8.2995e-02
2455427.354166	2010	230	2010.6297374	1.333	0.806	1.000	2.1094e-01	1.5080e-01	1.3072e-01	2.1230e-01	1.1218e-01	1.3800e-01	7.7859e-02	1.1739e-01	8.3581e-02
2455427.395833	2010	230	2010.6298516	1.333	0.814	1.000	2.1456e-01	1.4753e-01	1.5947e-01	2.1413e-01	1.0425e-01	1.3509e-01	7.8677e-02	1.4632e-01	8.4866e-02
2455427.437500	2010	230	2010.6299658	1.333	0.801	1.000	1.7666e-01	1.3982e-01	1.2439e-01	1.7504e-01	9.4778e-02	1.2694e-01	7.5513e-02	1.1114e-01	7.7754e-02
2455427.479166	2010	230	2010.6300799	1.333	0.819	1.000	1.8682e-01	1.5891e-01	1.4086e-01	1.8334e-01	9.4829e-02	1.4588e-01	7.7440e-02	1.2777e-01	7.8361e-02
2455440.520833	2010	244	2010.6658105	1.333	0.801	1.000	1.6969e-01	1.4147e-01	1.5069e-01	1.5682e-01	9.5316e-02	1.2910e-01	7.5349e-02	1.3759e-01	7.9847e-02
2455440.562500	2010	244	2010.6659247	1.333	0.817	1.000	1.6211e-01	1.4608e-01	1.4075e-01	1.4971e-01	9.0370e-02	1.3300e-01	7.9381e-02	1.2760e-01	7.9747e-02
2455440.604166	2010	244	2010.6660388	1.333	0.801	1.000	1.5014e-01	1.5091e-01	1.3342e-01	1.3785e-01	8.7668e-02	1.3800e-01	7.2404e-02	1.2036e-01	7.7318e-02
2455440.645833	2010	244	2010.6661530	1.333	0.816	1.000	1.8950e-01	1.6566e-01	1.4206e-01	1.7881e-01	9.3885e-02	1.5260e-01	7.7948e-02	1.2866e-01	7.7742e-02
2455440.687500	2010	244	2010.6662671	1.333	0.803	1.000	1.9217e-01	1.5800e-01	1.2771e-01	1.8246e-01	9.8298e-02	1.4526e-01	7.7195e-02	1.1475e-01	7.4785e-02
2455440.729166	2010	244	2010.6663813	1.333	0.813	1.000	1.8367e-01	1.3427e-01	1.4634e-01	1.7284e-01	9.3193e-02	1.2163e-01	7.8642e-02	1.3345e-01	7.6797e-02
2455440.770833	2010	244	2010.6664954	1.333	0.805	1.000	1.8642e-01	1.5611e-01	1.7146e-01	1.7446e-01	9.2280e-02	1.4320e-01	7.7339e-02	1.5848e-01	8.4463e-02
2455440.812500	2010	244	2010.6666096	1.333	0.811	1.000	1.8169e-01	1.5258e-01	1.3186e-01	1.6979e-01	9.5130e-02	1.3985e-01	7.7772e-02	1.1890e-01	7.4990e-02
2455440.854166	2010	244	2010.6667237	1.333	0.808	1.000	1.7584e-01	1.3840e-01	1.4086e-01	1.6395e-01	9.2694e-02	1.2587e-01	7.7578e-02	1.2767e-01	7.4626e-02
2455440.895833	2010	244	2010.6668379	1.333	0.807	1.000	1.7141e-01	1.4416e-01	1.3897e-01	1.5972e-01	9.3483e-02	1.3143e-01	7.6265e-02	1.2570e-01	8.1310e-02
2455440.937500	2010	244	2010.6669521	1.333	0.811	1.000	1.5747e-01	1.4746e-01	1.5345e-01	1.4600e-01	8.9579e-02	1.3443e-01	7.7362e-02	1.4010e-01	7.9993e-02
2455440.979166	2010	244	2010.6670662	1.333	0.805	1.000	1.5009e-01	1.5937e-01	1.3593e-01	1.3851e-01	8.1997e-02	1.4649e-01	8.0822e-02	1.2310e-01	7.4662e-02
2455441.020833	2010	244	2010.6671804	1.333	0.814	1.000	1.7745e-01	1.4402e-01	1.4002e-01	1.6662e-01	9.0055e-02	1.3124e-01	7.5559e-02	1.2705e-01	8.0204e-02
2455441.062500	2010	244	2010.6672945	1.333	0.802	1.000	1.8143e-01	1.4741e-01	1.5832e-01	1.7072e-01	9.0158e-02	1.3513e-01	7.7234e-02	1.4532e-01	8.4280e-02
2455441.104166	2010	244	2010.6674087	1.333	0.816	1.000	1.7872e-01	1.3363e-01	1.1154e-01	1.6788e-01	9.2120e-02	1.2076e-01	7.7531e-02	9.8640e-02	7.4580e-02
2455441.145833	2010	244	2010.6675228	1.333	0.801	1.000	1.8539e-01	1.5512e-01	1.2759e-01	1.7408e-01	9.6811e-02	1.4266e-01	7.2185e-02	1.1473e-01	7.8050e-02
2455441.187500	2010	244	2010.6676370	1.333	0.817	1.000	1.5394e-01	1.3178e-01	1.5155e-01	1.4205e-01	8.4226e-02	1.1901e-01	7.4558e-02	1.3817e-01	8.9585e-02
2455441.229166	2010	244	2010.6677511	1.333	0.801	1.000	1.7497e-01	1.5425e-01	1.6886e-01	1.6311e-01	8.4945e-02	1.4155e-01	7.7242e-02	1.5602e-01	8.4231e-02
2455441.270833	2010	244	2010.6678653	1.333	0.816	1.000	1.6227e-01	1.4332e-01	1.6803e-01	1.4975e-01	8.9724e-02	1.3044e-01	7.7369e-02	1.5492e-01	8.1845e-02
2455441.312500	2010	244	2010.6679795	1.333	0.802	1.000	1.7032e-01	1.3864e-01	1.4099e-01	1.5844e-01	9.5524e-02	1.2575e-01	7.0423e-02	1.2791e-01	8.3717e-02
2455441.354166	2010	244	2010.6680936	1.333	0.815	1.000	1.5813e-01	1.6704e-01	1.4241e-01	1.4546e-01	9.1950e-02	1.5444e-01	7.8935e-02	1.2915e-01	8.5228e-02
2455441.395833	2010	244	2010.6682078	1.333	0.804	1.000	1.6831e-01	1.5020e-01	1.3136e-01	1.5608e-01	9.1903e-02	1.3794e-01	8.1441e-02	1.1833e-01	7.6875e-02
2455441.437500	2010	244	2010.6683219	1.333	0.812	1.000	1.6210e-01	1.5873e-01	1.3377e-01	1.4948e-01	8.6272e-02	1.4616e-01	8.1551e-02	1.2052e-01	7.7708e-02
2455448.562500	2010	252	2010.6878425	1.333	0.799	1.000	1.4938e-01	1.4012e-01	1.4263e-01	1.3680e-01	8.6413e-02	1.2753e-01	7.8440e-02	1.2963e-01	7.7727e-02
2455448.604166	2010	252	2010.6879566	1.333	0.823	1.000	1.9700e-01	1.4882e-01	1.3825e-01	1.8454e-01	9.6973e-02	1.3565e-01	7.8070e-02	1.2479e-01	8.3766e-02
2455448.645833	2010	252	2010.6880708	1.333	0.796	1.000	1.5607e-01	1.4544e-01	1.4626e-01	1.4610e-01	9.3959e-02	1.3265e-01	7.0471e-02	1.3330e-01	7.6186e-02
2455448.687500	2010	252	2010.6881849	1.333	0.826	1.000	1.8686e-01	1.4205e-01	1.5986e-01	1.7690e-01	9.8421e-02	1.2881e-01	8.0204e-02	1.4624e-01	8.7030e-02
2455448.729166	2010	252	2010.6882991	1.333	0.795	1.000	1.9604e-01	1.5883e-01	1.3926e-01	1.8674e-01	9.8572e-02	1.4614e-01	7.8969e-02	1.2628e-01	8.4061e-02
2455448.770833	2010	252	2010.6884132	1.333	0.826	1.000	1.6613e-01	1.6534e-01	1.5024e-01	1.5621e-01	8.8526e-02	1.5214e-01	8.7935e-02	1.3670e-01	8.3249e-02
2455448.812500	2010	252	2010.6885274	1.333	0.796	1.000	1.8019e-01	1.5698e-01	1.3953e-01	1.6995e-01	9.8857e-02	1.4449e-01	7.9435e-02	1.2662e-01	8.1957e-02
2455448.854166	2010	252	2010.6886416	1.333	0.825	1.000	1.7267e-01	1.3447e-01	1.5724e-01	1.6238e-01	8.9747e-02	1.2161e-01	7.1885e-02	1.4363e-01	8.2239e-02
2455448.895833	2010	252	2010.6887557	1.333	0.798	1.000	1.8620e-01	1.4091e-01	1.4241e-01	1.7600e-01	9.3299e-02	1.2818e-01	7.4890e-02	1.2937e-01	7.9695e-02
2455448.937500	2010	252	2010.6888699	1.333	0.820	1.000	1.6625e-01	1.3934e-01	1.5998e-01	1.5569e-01	9.1115e-02	1.2612e-01	7.5329e-02	1.4669e-01	8.2757e-02
2455448.979166	2010	252	2010.6889840	1.333	0.802	1.000	1.5581e-01	1.3782e-01	1.6977e-01	1.4513e-01	9.2252e-02	1.2491e-01	7.5327e-02	1.5678e-01	8.2822e-02
2455449.020833	2010	252	2010.6890982	1.333	0.814	1.000	1.8421e-01	1.5274e-01	1.4428e-01	1.7275e-01	9.2446e-02	1.4005e-01	7.5507e-02	1.3077e-01	7.9311e-02
2455449.062500	2010	252	2010.6892123	1.333	0.808	1.000	1.6468e-01	1.5513e-01	1.3920e-01	1.5354e-01	8.8886e-02	1.4245e-01	7.9039e-02	1.2626e-01	7.7346e-02
2455449.104166	2010	252	2010.6893265	1.333	0.808	1.000	1.7710e-01	1.2069e-01	1.5533e-01	1.6568e-01	9.1757e-02	1.0803e-01	7.6701e-02	1.4187e-01	8.4892e-02
2455449.145833	2010	252	2010.6894406	1.333	0.814	1.000	1.5554e-01	1.4996e-01	1.4064e-01	1.4390e-01	8.2623e-02	1.3691e-01	7.0915e-02	1.2728e-01	8.1452e-02
2455449.187500	2010	252	2010.6895548	1.333	0.802	1.000	1.6411e-01	1.4186e-01	1.4830e-01	1.5240e-01	8.8183e-02	1.2911e-01	7.6709e-02	1.3510e-01	8.2604e-02
2455449.229166	2010	252	2010.6896689	1.333	0.820	1.000	1.5739e-01	1.4121e-01	1.5688e-01	1.4540e-01	8.7243e-02	1.2830e-01	6.9996e-02	1.4323e-01	8.1297e-02
2455449.270833	2010	252	2010.6897831	1.333	0.797	1.000	1.6041e-01	1.5806e-01	1.5716e-01	1.4872e-01	8.4345e-02	1.4517e-01	8.2821e-02	1.4394e-01	8.2912e-02
2455449.312500	2010	252	2010.6898973	1.333	0.825	1.000	1.6602e-01	1.3945e-01	1.3564e-01	1.5351e-01	8.9041e-02	1.2657e-01	7.8834e-02	1.2213e-01	7.7930e-02
2455449.354166	2010	252	2010.6900114	1.333	0.794	1.000	1.5851e-01	1.4719e-01	1.4254e-01	1.4640e-01	8.6344e-02	1.3468e-01	7.3987e-02	1.2964e-01	7.9620e-02
2455449.395833	2010	252	2010.6901256	1.333	0.828	1.000	1.6114e-01	1.5551e-01	1.6598e-01	1.4862e-01	9.0889e-02	1.4242e-01	8.1545e-02	1.5266e-01	8.6182e-02
2455449.437500	2010	252	2010.6902397	1.333	0.793	1.000	1.7191e-01	1.2204e-01	1.4546e-01	1.5986e-01	8.8493e-02	1.0971e-01	6.8731e-02	1.3273e-01	7.8863e-02