2456658.520833	2014	1	2014.0000571	1.333	0.735	1.000	1.0671e-01	9.2604e-02	7.9914e-02	1.0024e-01	5.4728e-02	8.5090e-02	5.3983e-02	7.2367e-02	5.2100e-02
2456658.562500	2014	1	2014.0001712	1.333	0.758	1.000	9.1808e-02	8.8303e-02	8.7410e-02	8.5341e-02	5.0977e-02	8.0883e-02	4.5960e-02	7.9803e-02	5.2626e-02
2456658.604166	2014	1	2014.0002854	1.333	0.738	1.000	9.5437e-02	9.1091e-02	8.1213e-02	8.8283e-02	5.6848e-02	8.3735e-02	4.6745e-02	7.3163e-02	4.4465e-02
2456658.645833	2014	1	2014.0003995	1.333	0.754	1.000	1.0849e-01	9.8503e-02	9.1521e-02	1.0212e-01	5.4915e-02	9.1022e-02	4.5943e-02	8.3885e-02	5.1125e-02
2456658.687500	2014	1	2014.0005137	1.333	0.742	1.000	9.8389e-02	9.8784e-02	8.9716e-02	9.2051e-02	4.8257e-02	9.1349e-02	4.3046e-02	8.1718e-02	4.9350e-02
2456658.729166	2014	1	2014.0006279	1.333	0.750	1.000	8.7644e-02	7.9073e-02	8.4283e-02	8.1062e-02	4.9926e-02	7.1890e-02	4.6411e-02	7.6682e-02	4.5102e-02
2456658.895833	2014	1	2014.0010845	1.333	0.743	1.000	9.8886e-02	1.0943e-01	1.0151e-01	9.2170e-02	5.2275e-02	1.0215e-01	4.9331e-02	9.3914e-02	4.9561e-02
2456662.520833	2014	5	2014.0110160	1.333	0.722	1.000	1.0113e-01	9.4684e-02	8.5148e-02	9.4590e-02	5.4553e-02	8.7518e-02	4.8035e-02	7.7875e-02	5.0962e-02
2456662.562500	2014	5	2014.0111301	1.333	0.783	1.000	9.2464e-02	8.8064e-02	9.7634e-02	8.6315e-02	5.4084e-02	8.0523e-02	4.5470e-02	8.9911e-02	5.0862e-02
2456662.604166	2014	5	2014.0112443	1.333	0.720	1.000	1.0528e-01	7.2400e-02	8.4234e-02	9.9825e-02	5.2879e-02	6.5610e-02	3.8725e-02	7.6786e-02	4.7739e-02
2456662.645833	2014	5	2014.0113584	1.333	0.788	1.000	1.2243e-01	9.1849e-02	9.0920e-02	1.1794e-01	5.7736e-02	8.4165e-02	5.2661e-02	8.3085e-02	5.5114e-02
2456662.687500	2014	5	2014.0114726	1.333	0.717	1.000	9.5626e-02	9.2538e-02	9.0250e-02	9.1781e-02	5.5911e-02	8.5320e-02	4.9929e-02	8.2794e-02	4.9694e-02
2456662.729166	2014	5	2014.0115868	1.333	0.794	1.000	1.2188e-01	7.9712e-02	8.7102e-02	1.1838e-01	5.6485e-02	7.2202e-02	4.8727e-02	7.9153e-02	5.0585e-02
2456662.770833	2014	5	2014.0117009	1.333	0.715	1.000	1.0840e-01	1.0031e-01	8.9014e-02	1.0524e-01	5.3983e-02	9.3126e-02	4.6332e-02	8.0919e-02	5.0642e-02
2456662.812500	2014	5	2014.0118151	1.333	0.799	1.000	1.2026e-01	1.0264e-01	8.9603e-02	1.1685e-01	6.3222e-02	9.4914e-02	5.1000e-02	8.1857e-02	5.1292e-02
2456662.854166	2014	5	2014.0119292	1.333	0.713	1.000	1.1912e-01	1.0120e-01	8.3657e-02	1.1554e-01	5.9967e-02	9.4278e-02	4.2180e-02	7.6122e-02	4.6844e-02
2456662.895833	2014	5	2014.0120434	1.333	0.804	1.000	1.4339e-01	8.2631e-02	1.0158e-01	1.4039e-01	6.1133e-02	7.4866e-02	4.4915e-02	9.3685e-02	5.5062e-02
2456662.937500	2014	5	2014.0121575	1.333	0.711	1.000	1.0432e-01	7.7296e-02	7.8279e-02	1.0110e-01	5.7280e-02	7.0138e-02	4.3353e-02	7.0902e-02	4.6795e-02
2456662.979166	2014	5	2014.0122717	1.333	0.809	1.000	1.2923e-01	8.6368e-02	9.6376e-02	1.2777e-01	6.5134e-02	7.8451e-02	4.3036e-02	8.8236e-02	5.0371e-02
2456663.020833	2014	5	2014.0123858	1.333	0.709	1.000	1.2258e-01	8.7081e-02	8.6312e-02	1.1998e-01	5.8291e-02	8.0386e-02	4.5352e-02	7.8996e-02	4.4722e-02
2456663.062500	2014	5	2014.0125000	1.333	0.814	1.000	1.2682e-01	7.6912e-02	8.9004e-02	1.2402e-01	5.5579e-02	6.9205e-02	4.6837e-02	8.1059e-02	4.5784e-02
2456663.104166	2014	5	2014.0126142	1.333	0.708	1.000	1.0080e-01	8.5542e-02	8.6090e-02	9.7602e-02	5.4884e-02	7.8532e-02	4.7235e-02	7.8690e-02	4.2815e-02
2456663.145833	2014	5	2014.0127283	1.333	0.818	1.000	1.2897e-01	8.2412e-02	1.2077e-01	1.2651e-01	6.0998e-02	7.4851e-02	4.9438e-02	1.1266e-01	5.6110e-02
2456663.854166	2014	6	2014.0146689	1.333	0.704	1.000	2.5910e-01	2.6789e-01	2.7488e-01	2.1972e-01	1.5738e-01	2.3473e-01	1.3504e-01	2.3955e-01	1.4498e-01
2456663.895833	2014	6	2014.0147831	1.333	0.828	1.000	1.7449e+00	1.2941e+00	1.3623e+00	1.4979e+00	9.3676e-01	1.1703e+00	6.3221e-01	1.2318e+00	6.4358e-01
2456663.937500	2014	6	2014.0148973	1.333	0.705	1.002	3.1533e+00	1.6061e+00	2.1076e+00	2.8544e+00	1.6178e+00	1.4327e+00	7.9129e-01	1.8316e+00	1.0383e+00
2456663.979166	2014	6	2014.0150114	1.333	0.825	1.000	4.4341e+00	1.6393e+00	2.1775e+00	4.2726e+00	2.0622e+00	1.4942e+00	7.5672e-01	2.0366e+00	8.7713e-01
2456664.020833	2014	6	2014.0151256	1.333	0.706	1.000	3.6437e+00	1.3470e+00	1.7577e+00	3.5306e+00	1.7052e+00	1.2219e+00	6.4755e-01	1.6027e+00	7.7069e-01
2456664.062500	2014	6	2014.0152397	1.333	0.821	1.000	4.1675e+00	1.2986e+00	1.7914e+00	4.0631e+00	1.8858e+00	1.1889e+00	5.9656e-01	1.6884e+00	6.9812e-01
2456664.104166	2014	6	2014.0153539	1.333	0.707	1.000	3.5138e+00	1.0517e+00	1.4842e+00	3.4640e+00	1.5841e+00	9.5306e-01	5.0106e-01	1.3603e+00	6.2253e-01
2456664.145833	2014	6	2014.0154680	1.333	0.817	1.000	3.9964e+00	9.9925e-01	1.4424e+00	3.9985e+00	1.7472e+00	9.1645e-01	4.5667e-01	1.3679e+00	5.3674e-01
2456664.187500	2014	6	2014.0155822	1.333	0.708	1.000	3.5405e+00	8.6574e-01	1.2621e+00	3.5720e+00	1.5482e+00	7.8715e-01	4.1220e-01	1.1605e+00	5.2854e-01
2456664.229166	2014	6	2014.0156963	1.333	0.813	1.000	4.0105e+00	8.4584e-01	1.2909e+00	4.0904e+00	1.6959e+00	7.7603e-01	3.7448e-01	1.2306e+00	4.7335e-01
2456664.270833	2014	6	2014.0158105	1.333	0.710	1.000	3.5324e+00	7.1983e-01	1.1301e+00	3.6490e+00	1.4773e+00	6.5377e-01	3.4186e-01	1.0462e+00	4.5292e-01
2456664.312500	2014	6	2014.0159247	1.333	0.808	1.000	3.5804e+00	6.7484e-01	1.0170e+00	3.7290e+00	1.4493e+00	6.1817e-01	3.0699e-01	9.6994e-01	3.7698e-01
2456664.354166	2014	6	2014.0160388	1.333	0.711	1.000	2.7660e+00	5.7216e-01	9.1492e-01	2.8577e+00	1.1492e+00	5.1791e-01	2.7419e-01	8.4730e-01	3.6248e-01
2456664.395833	2014	6	2014.0161530	1.333	0.803	1.000	2.9122e+00	5.5281e-01	8.4652e-01	3.0279e+00	1.1909e+00	5.0603e-01	2.5182e-01	8.0699e-01	3.1478e-01
2456664.437500	2014	6	2014.0162671	1.333	0.713	1.000	2.5001e+00	4.8396e-01	7.7466e-01	2.6281e+00	1.0184e+00	4.3882e-01	2.3123e-01	7.1890e-01	3.0803e-01
2456664.479166	2014	6	2014.0163813	1.333	0.797	1.000	2.5664e+00	4.6935e-01	7.3351e-01	2.6952e+00	1.0281e+00	4.3009e-01	2.1809e-01	6.9922e-01	2.6901e-01
2456664.520833	2014	7	2014.0164954	1.333	0.715	1.000	2.3241e+00	4.3899e-01	6.8824e-01	2.4467e+00	9.3617e-01	3.9823e-01	2.0901e-01	6.3848e-01	2.7085e-01
2456664.562500	2014	7	2014.0166096	1.333	0.792	1.000	2.3829e+00	4.5229e-01	6.8570e-01	2.5161e+00	9.4697e-01	4.1587e-01	2.0410e-01	6.5477e-01	2.5001e-01
2456664.604166	2014	7	2014.0167237	1.333	0.717	1.000	2.2096e+00	3.9283e-01	6.3210e-01	2.3406e+00	8.5933e-01	3.5639e-01	1.8639e-01	5.8931e-01	2.4934e-01
2456664.645833	2014	7	2014.0168379	1.333	0.786	1.000	2.2026e+00	3.8337e-01	5.8548e-01	2.3393e+00	8.6482e-01	3.5024e-01	1.8178e-01	5.5515e-01	2.2369e-01
2456664.687500	2014	7	2014.0169521	1.333	0.720	1.000	1.8619e+00	3.4207e-01	5.1756e-01	1.9746e+00	7.2830e-01	3.0960e-01	1.7097e-01	4.8084e-01	2.2020e-01
2456664.729166	2014	7	2014.0170662	1.333	0.780	1.000	1.9254e+00	3.4290e-01	5.0931e-01	2.0582e+00	7.3570e-01	3.1417e-01	1.5691e-01	4.8248e-01	1.9662e-01
2456664.770833	2014	7	2014.0171804	1.333	0.723	1.000	1.5942e+00	3.2782e-01	6.1189e-01	1.7003e+00	6.2024e-01	2.9808e-01	1.4904e-01	5.1512e-01	3.0634e-01
2456664.812500	2014	7	2014.0172945	1.333	0.774	1.000	1.6364e+00	2.8476e-01	4.4916e-01	1.7538e+00	6.3519e-01	2.5918e-01	1.3678e-01	4.2449e-01	1.7451e-01
2456664.854166	2014	7	2014.0174087	1.333	0.726	1.000	1.4864e+00	3.0044e-01	4.1337e-01	1.5920e+00	5.7593e-01	2.7535e-01	1.3577e-01	3.8446e-01	1.7696e-01
2456664.895833	2014	7	2014.0175228	1.333	0.769	1.000	1.4374e+00	2.7729e-01	4.1661e-01	1.5379e+00	5.5980e-01	2.5396e-01	1.2988e-01	3.9440e-01	1.6144e-01
2456664.937500	2014	7	2014.0176370	1.333	0.730	1.000	1.2760e+00	2.7241e-01	3.8325e-01	1.3620e+00	4.9864e-01	2.4938e-01	1.2763e-01	3.5707e-01	1.6082e-01
2456664.979166	2014	7	2014.0177511	1.333	0.763	1.000	1.3073e+00	2.3870e-01	3.7404e-01	1.4012e+00	5.0920e-01	2.1674e-01	1.2109e-01	3.5262e-01	1.4738e-01
2456665.020833	2014	7	2014.0178653	1.333	0.734	1.000	1.1684e+00	2.6538e-01	3.6263e-01	1.2456e+00	4.5933e-01	2.4381e-01	1.2033e-01	3.3868e-01	1.4899e-01
2456665.062500	2014	7	2014.0179795	1.333	0.757	1.000	1.1482e+00	2.3628e-01	3.4936e-01	1.2284e+00	4.4785e-01	2.1629e-01	1.1335e-01	3.2874e-01	1.3895e-01
2456665.104166	2014	7	2014.0180936	1.333	0.738	1.000	1.0627e+00	2.3045e-01	3.1512e-01	1.1332e+00	4.1515e-01	2.1044e-01	1.0712e-01	2.9319e-01	1.3709e-01
2456665.312500	2014	7	2014.0186644	1.333	0.742	1.000	9.1578e-01	2.1832e-01	3.2475e-01	9.5390e-01	3.7413e-01	1.9712e-01	1.1015e-01	2.9532e-01	1.3679e-01
2456665.354166	2014	7	2014.0187785	1.333	0.753	1.028	2.1834e+00	1.1478e+00	1.3608e+00	1.9098e+00	1.1062e+00	1.0486e+00	5.3374e-01	1.2144e+00	6.0830e-01
2456665.395833	2014	7	2014.0188927	1.333	0.737	1.576	5.6670e+00	2.7460e+00	3.6212e+00	4.8773e+00	2.8657e+00	2.5212e+00	1.2738e+00	3.3147e+00	1.4915e+00
2456665.438379	2014	7	2014.0190093	1.333	0.763	3.545	1.1901e+01	4.8631e+00	1.0839e+01	1.0474e+01	6.1556e+00	4.4334e+00	2.3739e+00	8.8068e+00	6.5074e+00
2456665.480347	2014	7	2014.0191242	1.333	0.728	4.009	2.3415e+01	6.4840e+00	1.0185e+01	2.1573e+01	1.1788e+01	5.9614e+00	2.9960e+00	9.1856e+00	4.5439e+00
2456665.521180	2014	8	2014.0192361	1.333	0.766	4.292	3.3748e+01	8.7779e+00	1.1549e+01	3.1575e+01	1.4855e+01	8.1257e+00	3.7562e+00	1.0139e+01	5.4768e+00
2456665.740092	2014	8	2014.0198359	1.333	0.702	8.638	8.7066e+01	8.8255e+00	2.1601e+01	8.7123e+01	3.6095e+01	8.0645e+00	3.6218e+00	2.0235e+01	7.5379e+00
2456665.782060	2014	8	2014.0199508	1.333	0.843	8.632	1.0787e+02	8.1156e+00	2.3159e+01	1.0853e+02	4.4204e+01	7.5266e+00	3.2210e+00	2.3067e+01	6.1414e+00
2456665.824027	2014	8	2014.0200658	1.333	0.701	9.037	9.2846e+01	8.0815e+00	2.2793e+01	9.4024e+01	3.7225e+01	7.3372e+00	3.3539e+00	2.1158e+01	7.8378e+00
2456665.865995	2014	8	2014.0201808	1.333	0.846	8.800	1.1184e+02	7.1698e+00	2.1427e+01	1.1399e+02	4.4800e+01	6.6825e+00	2.6396e+00	2.1413e+01	5.6588e+00
2456665.907963	2014	8	2014.0202958	1.333	0.700	8.954	9.2907e+01	6.5730e+00	1.8921e+01	9.5223e+01	3.6295e+01	5.9525e+00	2.7196e+00	1.7673e+01	6.6040e+00
2456665.949930	2014	8	2014.0204108	1.333	0.846	8.782	1.1770e+02	5.7290e+00	2.0199e+01	1.2157e+02	4.5332e+01	5.3268e+00	2.0855e+00	2.0355e+01	4.7573e+00
2456665.991898	2014	8	2014.0205257	1.333	0.701	8.343	9.0676e+01	4.9313e+00	1.7024e+01	9.4666e+01	3.4597e+01	4.4184e+00	2.1911e+00	1.6071e+01	5.6458e+00
2456666.033865	2014	8	2014.0206407	1.333	0.843	7.800	1.0884e+02	4.1191e+00	1.7737e+01	1.1450e+02	4.0732e+01	3.8430e+00	1.6572e+00	1.8061e+01	3.8474e+00
2456666.496782	2014	8	2014.0219090	1.333	0.718	4.119	7.4860e+01	1.8993e+00	2.4066e+01	8.5566e+01	2.4224e+01	1.6614e+00	7.9784e-01	1.7235e+01	1.4322e+01
2456666.521597	2014	9	2014.0219770	1.333	0.839	10.192	4.8089e+01	2.0170e+00	6.5485e+01	5.3673e+01	1.3727e+01	1.8714e+00	9.3139e-01	3.9764e+01	4.8767e+01
2456666.605532	2014	9	2014.0222069	1.333	0.842	4.637	7.1420e+01	7.6281e-01	7.1539e+00	8.3445e+01	2.2186e+01	6.8567e-01	3.5897e-01	7.4000e+00	1.1767e+00
2456666.647500	2014	9	2014.0223219	1.333	0.701	4.568	5.8252e+01	8.1358e-01	6.0965e+00	6.9006e+01	1.7685e+01	6.9021e-01	4.4923e-01	5.9390e+00	1.4542e+00
2456666.689467	2014	9	2014.0224369	1.333	0.843	3.903	6.0702e+01	7.3737e-01	5.6363e+00	7.1864e+01	1.8442e+01	6.8192e-01	2.8032e-01	5.8417e+00	9.6881e-01
2456666.731435	2014	9	2014.0225519	1.333	0.701	3.410	4.2369e+01	8.1200e-01	4.6582e+00	5.0085e+01	1.3009e+01	7.2355e-01	3.5874e-01	4.5340e+00	1.0841e+00
2456666.773402	2014	9	2014.0226669	1.333	0.841	3.033	4.7243e+01	6.3013e-01	4.4537e+00	5.5925e+01	1.4321e+01	5.7814e-01	2.5811e-01	4.5650e+00	8.1117e-01
2456666.815370	2014	9	2014.0227818	1.333	0.702	2.855	3.5637e+01	5.7856e-01	3.6031e+00	4.2271e+01	1.0927e+01	5.0054e-01	2.8552e-01	3.4952e+00	9.0044e-01
2456666.857338	2014	9	2014.0228968	1.333	0.837	2.321	3.5308e+01	4.8057e-01	3.3859e+00	4.1634e+01	1.0904e+01	4.3130e-01	2.3905e-01	3.4954e+00	6.0159e-01
2456666.899305	2014	9	2014.0230118	1.333	0.703	2.289	2.8592e+01	5.2765e-01	2.9390e+00	3.3858e+01	8.7885e+00	4.7091e-01	2.4178e-01	2.8724e+00	6.9083e-01
2456666.940972	2014	9	2014.0231260	1.333	0.832	1.901	2.9252e+01	5.1454e-01	3.1068e+00	3.4414e+01	8.7252e+00	4.7372e-01	1.9746e-01	3.1919e+00	5.4319e-01
2456666.982639	2014	9	2014.0232401	1.333	0.704	1.893	2.3736e+01	4.6066e-01	2.5776e+00	2.7985e+01	7.1389e+00	4.0385e-01	2.2227e-01	2.4965e+00	6.3168e-01
2456667.024305	2014	9	2014.0233543	1.333	0.826	1.551	2.3249e+01	4.3306e-01	2.4824e+00	2.7296e+01	6.9902e+00	3.9689e-01	1.7705e-01	2.5451e+00	4.5157e-01
2456667.065972	2014	9	2014.0234684	1.333	0.706	1.421	1.7634e+01	3.9205e-01	2.0565e+00	2.0637e+01	5.3248e+00	3.4583e-01	1.8756e-01	2.0009e+00	5.0257e-01
2456667.107639	2014	9	2014.0235826	1.333	0.821	1.364	1.9714e+01	3.6136e-01	2.1226e+00	2.3182e+01	5.9924e+00	3.2866e-01	1.5594e-01	2.1368e+00	4.3426e-01
2456667.149305	2014	9	2014.0236967	1.333	0.707	1.264	1.5537e+01	3.5652e-01	1.8472e+00	1.8222e+01	4.6717e+00	3.1364e-01	1.7116e-01	1.7919e+00	4.5484e-01
2456667.190972	2014	9	2014.0238109	1.333	0.814	1.251	1.7868e+01	3.0872e-01	1.8105e+00	2.1058e+01	5.4242e+00	2.7955e-01	1.4421e-01	1.8488e+00	3.4476e-01
2456667.232639	2014	9	2014.0239250	1.333	0.709	1.342	1.4881e+01	3.5053e-01	2.6486e+00	1.7470e+01	4.5077e+00	3.0907e-01	1.7237e-01	2.1327e+00	1.1880e+00
2456667.274305	2014	9	2014.0240392	1.333	0.808	1.098	1.5870e+01	3.0294e-01	1.6843e+00	1.8612e+01	4.7954e+00	2.7573e-01	1.3154e-01	1.7148e+00	3.2768e-01
2456667.315972	2014	9	2014.0241533	1.333	0.711	1.064	1.3138e+01	3.1047e-01	1.4641e+00	1.5471e+01	3.9441e+00	2.7613e-01	1.4959e-01	1.4223e+00	3.6793e-01
2456667.357639	2014	9	2014.0242675	1.333	0.802	1.000	1.2696e+01	2.5445e-01	1.3355e+00	1.4999e+01	3.7981e+00	2.3214e-01	1.1256e-01	1.3605e+00	2.5649e-01
2456667.399305	2014	9	2014.0243817	1.333	0.713	1.000	9.8969e+00	2.5082e-01	1.0798e+00	1.1662e+01	3.0198e+00	2.2424e-01	1.1885e-01	1.0434e+00	2.8063e-01
2456667.440972	2014	9	2014.0244958	1.333	0.796	1.000	1.1564e+01	2.6566e-01	1.1805e+00	1.3719e+01	3.4670e+00	2.4462e-01	1.0894e-01	1.1985e+00	2.3516e-01
2456667.482639	2014	9	2014.0246100	1.333	0.716	1.000	9.5166e+00	2.3608e-01	1.0738e+00	1.1257e+01	2.8528e+00	2.1073e-01	1.1333e-01	1.0404e+00	2.7716e-01
2456700.145833	2014	42	2014.1140982	1.333	0.700	1.000	9.3024e-02	8.0043e-02	7.7547e-02	8.5730e-02	5.6116e-02	7.3160e-02	4.6340e-02	7.0458e-02	4.4995e-02
2456700.229166	2014	42	2014.1143265	1.333	0.700	1.000	9.1518e-02	8.4657e-02	9.6405e-02	8.4692e-02	4.9032e-02	7.7742e-02	4.6682e-02	8.9164e-02	4.7223e-02
2456700.312500	2014	42	2014.1145548	1.333	0.700	1.000	8.5548e-02	7.8223e-02	7.5033e-02	7.8641e-02	4.7988e-02	7.1312e-02	4.1570e-02	6.8094e-02	4.5001e-02
2456700.395833	2014	42	2014.1147831	1.333	0.701	1.000	8.6355e-02	8.7698e-02	9.0848e-02	7.9636e-02	4.9901e-02	8.0866e-02	4.3851e-02	8.3694e-02	4.6477e-02
2456700.437500	2014	42	2014.1148973	1.333	0.841	1.000	9.2542e-02	8.5939e-02	7.9737e-02	8.5023e-02	5.0164e-02	7.8201e-02	4.8931e-02	7.1600e-02	5.3082e-02
2456700.479166	2014	42	2014.1150114	1.333	0.701	1.000	1.0011e-01	7.9817e-02	9.6231e-02	9.3474e-02	4.9033e-02	7.3003e-02	4.1423e-02	8.9221e-02	4.8371e-02
2456700.520833	2014	43	2014.1151256	1.333	0.838	1.000	9.8020e-02	1.0045e-01	8.9827e-02	9.0814e-02	5.2469e-02	9.2589e-02	5.0675e-02	8.2057e-02	5.4608e-02
2456700.562500	2014	43	2014.1152397	1.333	0.702	1.000	8.8260e-02	9.4073e-02	8.1173e-02	8.1771e-02	5.1525e-02	8.7129e-02	5.0010e-02	7.4043e-02	4.5269e-02
2456700.604166	2014	43	2014.1153539	1.333	0.833	1.000	1.0261e-01	7.8812e-02	8.1534e-02	9.4995e-02	5.0796e-02	7.0972e-02	4.1024e-02	7.3595e-02	5.0533e-02
2456700.645833	2014	43	2014.1154680	1.333	0.703	1.000	9.0558e-02	7.6095e-02	8.8769e-02	8.3966e-02	5.2294e-02	6.9338e-02	3.9983e-02	8.1478e-02	4.7568e-02
2456700.687500	2014	43	2014.1155822	1.333	0.828	1.000	8.4132e-02	7.5751e-02	1.0554e-01	7.7257e-02	4.5859e-02	6.8064e-02	4.5945e-02	9.7685e-02	5.4612e-02
2456700.729166	2014	43	2014.1156963	1.333	0.705	1.000	8.9801e-02	9.0746e-02	7.7200e-02	8.3317e-02	5.1923e-02	8.3823e-02	4.6855e-02	7.0223e-02	4.5138e-02
2456700.770833	2014	43	2014.1158105	1.333	0.823	1.000	9.7964e-02	9.1080e-02	7.5336e-02	9.0855e-02	5.1378e-02	8.3295e-02	4.8183e-02	6.7451e-02	4.8222e-02
2456700.812500	2014	43	2014.1159247	1.333	0.706	1.000	8.9966e-02	6.7396e-02	9.3694e-02	8.3806e-02	5.1413e-02	6.0627e-02	4.0350e-02	8.6754e-02	4.6620e-02
2456700.854166	2014	43	2014.1160388	1.333	0.817	1.000	1.1193e-01	8.1689e-02	7.3782e-02	1.0488e-01	5.4487e-02	7.4160e-02	4.3713e-02	6.6029e-02	4.8902e-02
2456700.895833	2014	43	2014.1161530	1.333	0.708	1.000	9.7190e-02	8.9834e-02	6.4001e-02	9.0755e-02	4.9524e-02	8.2978e-02	4.7895e-02	5.7108e-02	4.0960e-02
2456700.937500	2014	43	2014.1162671	1.333	0.811	1.000	1.1156e-01	9.6638e-02	9.1314e-02	1.0462e-01	5.9720e-02	8.9118e-02	4.7805e-02	8.3552e-02	4.4241e-02
2456700.979166	2014	43	2014.1163813	1.333	0.710	1.000	7.9309e-02	7.7219e-02	7.8066e-02	7.3168e-02	4.3100e-02	7.0454e-02	4.3148e-02	7.1189e-02	4.4656e-02
2456701.020833	2014	43	2014.1164954	1.333	0.805	1.000	9.6649e-02	8.9475e-02	7.9726e-02	8.9628e-02	4.8167e-02	8.2105e-02	5.2287e-02	7.1952e-02	5.1784e-02
2456701.062500	2014	43	2014.1166096	1.333	0.712	1.000	8.4655e-02	9.2358e-02	7.8738e-02	7.8596e-02	4.9377e-02	8.5459e-02	4.4768e-02	7.1816e-02	4.8648e-02
2456701.104166	2014	43	2014.1167237	1.333	0.799	1.000	9.5173e-02	1.0222e-01	7.0745e-02	8.8335e-02	5.0681e-02	9.4688e-02	4.5284e-02	6.3149e-02	4.6699e-02
2456701.145833	2014	43	2014.1168379	1.333	0.714	1.000	1.0005e-01	8.4817e-02	8.8280e-02	9.3826e-02	4.9831e-02	7.8110e-02	4.3202e-02	8.1288e-02	4.7676e-02
2456701.187500	2014	43	2014.1169521	1.333	0.793	1.000	7.9921e-02	9.5766e-02	9.8034e-02	7.3202e-02	4.8759e-02	8.8261e-02	4.8093e-02	9.0280e-02	4.6722e-02
2456701.229166	2014	43	2014.1170662	1.333	0.717	1.000	8.5749e-02	9.7040e-02	8.7694e-02	7.9262e-02	4.4297e-02	9.0333e-02	5.1454e-02	8.0755e-02	4.8648e-02
2456701.270833	2014	43	2014.1171804	1.333	0.787	1.000	8.0770e-02	9.4554e-02	7.3362e-02	7.4030e-02	5.0348e-02	8.7195e-02	4.7171e-02	6.5946e-02	4.7486e-02
2456701.354166	2014	43	2014.1174087	1.333	0.781	1.000	8.7756e-02	7.3295e-02	9.2632e-02	8.1141e-02	4.9273e-02	6.6110e-02	4.4348e-02	8.5325e-02	4.7070e-02
2456701.395833	2014	43	2014.1175228	1.333	0.722	1.000	8.5215e-02	8.9484e-02	8.0344e-02	7.8964e-02	5.0485e-02	8.2581e-02	4.4371e-02	7.3463e-02	4.5844e-02
2456701.479166	2014	43	2014.1177511	1.333	0.725	1.000	9.0064e-02	8.9790e-02	7.8918e-02	8.3667e-02	5.0387e-02	8.3063e-02	4.6430e-02	7.1760e-02	4.3625e-02
2456703.020833	2014	45	2014.1219749	1.333	0.708	1.000	7.7188e-02	7.5616e-02	7.7998e-02	7.0222e-02	4.7920e-02	6.8467e-02	4.2926e-02	7.0649e-02	4.9827e-02
2456703.062500	2014	45	2014.1220890	1.333	0.816	1.000	1.0882e-01	8.8057e-02	9.1073e-02	1.0080e-01	5.3105e-02	8.0230e-02	3.9513e-02	8.2836e-02	4.8509e-02
2456703.104166	2014	45	2014.1222032	1.333	0.707	1.000	1.0358e-01	8.4492e-02	9.0403e-02	9.6296e-02	5.1602e-02	7.7318e-02	4.4546e-02	8.2567e-02	5.2230e-02
2456703.145833	2014	45	2014.1223174	1.333	0.819	1.000	1.0935e-01	9.2719e-02	9.0665e-02	1.0131e-01	5.7285e-02	8.4787e-02	5.1941e-02	8.1964e-02	5.3155e-02
2456703.187500	2014	45	2014.1224315	1.333	0.706	1.000	8.9532e-02	8.0411e-02	8.8275e-02	8.2040e-02	5.3096e-02	7.3026e-02	4.7233e-02	8.0493e-02	5.2516e-02
2456703.229166	2014	45	2014.1225457	1.333	0.822	1.000	1.0551e-01	1.0405e-01	9.2884e-02	9.7224e-02	5.9279e-02	9.6057e-02	4.8171e-02	8.4281e-02	5.7277e-02
2456703.270833	2014	45	2014.1226598	1.333	0.706	1.000	9.5561e-02	1.0687e-01	7.9932e-02	8.8638e-02	5.6058e-02	9.9449e-02	4.9506e-02	7.2208e-02	5.0080e-02
2456703.312500	2014	45	2014.1227740	1.333	0.825	1.000	9.6791e-02	9.2964e-02	1.0172e-01	8.8534e-02	5.6780e-02	8.5153e-02	5.1159e-02	9.3687e-02	5.4079e-02
2456703.354166	2014	45	2014.1228881	1.333	0.705	1.000	1.1349e-01	8.3475e-02	8.2044e-02	1.0625e-01	5.6364e-02	7.6176e-02	4.5771e-02	7.4465e-02	4.6015e-02
2456703.395833	2014	45	2014.1230023	1.333	0.827	1.000	1.1103e-01	9.2571e-02	8.7529e-02	1.0332e-01	5.5357e-02	8.4558e-02	5.0896e-02	7.9171e-02	5.5810e-02
2456703.437500	2014	45	2014.1231164	1.333	0.705	1.000	9.7713e-02	9.7958e-02	7.8176e-02	9.0647e-02	5.3522e-02	9.0727e-02	4.5849e-02	7.0507e-02	4.6667e-02
2456703.479166	2014	45	2014.1232306	1.333	0.828	1.000	1.1401e-01	9.1296e-02	8.7511e-02	1.0601e-01	5.9475e-02	8.3134e-02	5.1037e-02	7.9361e-02	5.2288e-02
2456703.520833	2014	46	2014.1233447	1.333	0.704	1.000	9.7800e-02	8.7691e-02	7.7682e-02	9.0484e-02	5.5767e-02	8.0479e-02	4.4281e-02	7.0259e-02	4.7932e-02
2456703.562500	2014	46	2014.1234589	1.333	0.828	1.000	9.9920e-02	8.7590e-02	1.0335e-01	9.1973e-02	5.7122e-02	7.9542e-02	4.5859e-02	9.4998e-02	5.6186e-02
2456703.604166	2014	46	2014.1235731	1.333	0.705	1.000	9.9276e-02	9.2250e-02	8.9682e-02	9.2033e-02	5.0887e-02	8.5119e-02	4.5734e-02	8.2262e-02	4.7985e-02
2456703.645833	2014	46	2014.1236872	1.333	0.827	1.000	1.0769e-01	1.0324e-01	1.0069e-01	9.9615e-02	6.4493e-02	9.5162e-02	5.0127e-02	9.2498e-02	5.2883e-02
2456703.687500	2014	46	2014.1238014	1.333	0.705	1.000	1.0235e-01	9.2801e-02	8.4432e-02	9.5373e-02	5.2410e-02	8.5682e-02	4.4445e-02	7.6889e-02	4.7518e-02
2456703.729166	2014	46	2014.1239155	1.333	0.826	1.000	1.1759e-01	8.5510e-02	8.8398e-02	1.0968e-01	5.9445e-02	7.7374e-02	4.6181e-02	8.0182e-02	4.9484e-02
2456703.770833	2014	46	2014.1240297	1.333	0.705	1.000	9.9165e-02	7.5445e-02	9.7742e-02	9.2363e-02	5.3568e-02	6.8534e-02	4.8586e-02	9.0266e-02	5.3456e-02
2456703.812500	2014	46	2014.1241438	1.333	0.824	1.000	1.1921e-01	1.1140e-01	1.0998e-01	1.1156e-01	6.1242e-02	1.0362e-01	5.0517e-02	1.0173e-01	5.7437e-02
2456703.854166	2014	46	2014.1242580	1.333	0.706	1.000	9.2895e-02	7.1315e-02	9.0553e-02	8.5823e-02	5.5002e-02	6.4009e-02	4.4316e-02	8.2921e-02	5.3756e-02
2456703.895833	2014	46	2014.1243721	1.333	0.821	1.000	1.1125e-01	1.0086e-01	1.0253e-01	1.0365e-01	5.7053e-02	9.3118e-02	4.7359e-02	9.4571e-02	5.0336e-02
2456703.937500	2014	46	2014.1244863	1.333	0.707	1.000	8.8935e-02	8.1058e-02	6.4001e-02	8.1915e-02	5.0116e-02	7.4032e-02	4.4605e-02	5.6652e-02	4.5270e-02
2456703.979166	2014	46	2014.1246005	1.333	0.818	1.000	1.0343e-01	1.1050e-01	9.8546e-02	9.5998e-02	5.4763e-02	1.0275e-01	5.0254e-02	9.0159e-02	5.4733e-02
2456704.020833	2014	46	2014.1247146	1.333	0.708	1.000	9.1216e-02	8.5918e-02	8.2911e-02	8.4504e-02	4.8920e-02	7.8821e-02	4.7771e-02	7.5502e-02	4.8694e-02
2456704.062500	2014	46	2014.1248288	1.333	0.814	1.000	1.0675e-01	9.0462e-02	1.0211e-01	9.9400e-02	5.3909e-02	8.2593e-02	4.7227e-02	9.3956e-02	5.3115e-02
2456704.104166	2014	46	2014.1249429	1.333	0.709	1.000	9.1194e-02	8.0137e-02	7.9080e-02	8.4508e-02	4.8383e-02	7.3036e-02	4.8989e-02	7.1509e-02	5.3907e-02
2456704.145833	2014	46	2014.1250571	1.333	0.810	1.000	1.0607e-01	8.5474e-02	8.4927e-02	9.9065e-02	5.9202e-02	7.8151e-02	4.5262e-02	7.7109e-02	4.8856e-02
2456704.187500	2014	46	2014.1251712	1.333	0.710	1.000	9.1007e-02	7.8135e-02	7.4270e-02	8.4439e-02	5.1235e-02	7.1206e-02	4.3185e-02	6.7088e-02	4.6463e-02
2456704.229166	2014	46	2014.1252854	1.333	0.805	1.000	1.0189e-01	8.4727e-02	8.2917e-02	9.4965e-02	5.1207e-02	7.7245e-02	4.8292e-02	7.5415e-02	4.6553e-02
2456704.270833	2014	46	2014.1253995	1.333	0.712	1.000	8.9349e-02	7.8843e-02	8.8465e-02	8.2924e-02	4.6799e-02	7.2073e-02	4.4309e-02	8.1427e-02	4.6195e-02
2456704.312500	2014	46	2014.1255137	1.333	0.801	1.000	1.0919e-01	8.7580e-02	7.3888e-02	1.0253e-01	5.2573e-02	8.0049e-02	5.1150e-02	6.6401e-02	4.7139e-02
2456704.354166	2014	46	2014.1256279	1.333	0.714	1.000	9.5451e-02	7.7099e-02	8.7088e-02	8.9235e-02	5.1293e-02	7.0557e-02	4.2316e-02	8.0274e-02	4.7379e-02
2456706.895833	2014	49	2014.1325913	1.333	0.709	1.000	1.1632e-01	7.5158e-02	8.0354e-02	1.1266e-01	5.3514e-02	6.8525e-02	4.2857e-02	7.3451e-02	4.4446e-02
2456706.937500	2014	49	2014.1327055	1.333	0.812	1.000	1.1164e-01	8.8439e-02	9.0766e-02	1.0717e-01	5.6464e-02	8.1007e-02	4.4551e-02	8.2962e-02	5.5812e-02
2456706.979166	2014	49	2014.1328196	1.333	0.710	1.000	1.0307e-01	8.1828e-02	7.8182e-02	1.0074e-01	5.4041e-02	7.5247e-02	4.4228e-02	7.1162e-02	4.5310e-02
2456707.020833	2014	49	2014.1329338	1.333	0.812	1.000	1.1290e-01	9.1284e-02	7.8628e-02	1.0930e-01	5.5403e-02	8.3867e-02	4.3159e-02	7.1091e-02	4.5315e-02
2456707.062500	2014	49	2014.1330479	1.333	0.710	1.000	1.1107e-01	8.3422e-02	8.4689e-02	1.0826e-01	5.0222e-02	7.6512e-02	4.4926e-02	7.7433e-02	4.6309e-02
2456707.104166	2014	49	2014.1331621	1.333	0.811	1.000	1.1173e-01	7.9770e-02	9.1432e-02	1.0922e-01	6.2112e-02	7.2266e-02	4.4720e-02	8.3799e-02	5.1418e-02
2456707.145833	2014	49	2014.1332763	1.333	0.710	1.000	1.1671e-01	8.2750e-02	9.9640e-02	1.1364e-01	5.8637e-02	7.5939e-02	3.8622e-02	9.2847e-02	4.6779e-02
2456707.187500	2014	49	2014.1333904	1.333	0.809	1.000	1.1289e-01	9.0433e-02	9.2581e-02	1.1090e-01	5.9914e-02	8.3067e-02	4.7930e-02	8.5058e-02	5.4078e-02
2456707.229166	2014	49	2014.1335046	1.333	0.711	1.000	1.0331e-01	7.4886e-02	7.8397e-02	1.0056e-01	5.1202e-02	6.8206e-02	4.3279e-02	7.1411e-02	4.8300e-02
2456707.270833	2014	49	2014.1336187	1.333	0.807	1.000	1.0619e-01	7.8451e-02	7.5953e-02	1.0318e-01	5.7180e-02	7.1028e-02	4.2748e-02	6.8306e-02	4.6403e-02
2456707.312500	2014	49	2014.1337329	1.333	0.711	1.000	9.5211e-02	8.3642e-02	9.2395e-02	9.2206e-02	5.4661e-02	7.6730e-02	4.5481e-02	8.5507e-02	4.8878e-02
2456707.354166	2014	49	2014.1338470	1.333	0.805	1.000	1.1392e-01	7.9236e-02	9.6358e-02	1.1079e-01	5.8007e-02	7.2106e-02	4.3529e-02	8.8823e-02	5.1376e-02
2456707.395833	2014	49	2014.1339612	1.333	0.712	1.000	1.2093e-01	7.7238e-02	8.9722e-02	1.1658e-01	5.5564e-02	7.0580e-02	4.3572e-02	8.2604e-02	4.6896e-02
2456707.437500	2014	49	2014.1340753	1.333	0.803	1.000	1.1022e-01	9.6514e-02	8.3341e-02	1.0536e-01	5.3452e-02	8.9089e-02	4.6440e-02	7.5968e-02	4.5722e-02
2456707.479166	2014	49	2014.1341895	1.333	0.713	1.000	9.2410e-02	8.3970e-02	7.4705e-02	8.8223e-02	5.0121e-02	7.7257e-02	4.5201e-02	6.7871e-02	4.1847e-02
2456707.562500	2014	50	2014.1344178	1.333	0.714	1.000	1.0645e-01	7.1011e-02	8.1134e-02	1.0219e-01	4.7665e-02	6.4303e-02	4.1035e-02	7.4146e-02	4.5251e-02
2456707.604166	2014	50	2014.1345320	1.333	0.797	1.000	1.0125e-01	9.8140e-02	9.8087e-02	9.6650e-02	5.5138e-02	9.0809e-02	4.9073e-02	9.0617e-02	4.4778e-02
2456707.645833	2014	50	2014.1346461	1.333	0.715	1.000	8.2275e-02	7.9047e-02	9.1361e-02	7.8049e-02	5.1681e-02	7.2132e-02	4.3452e-02	8.4428e-02	4.6528e-02
2456707.687500	2014	50	2014.1347603	1.333	0.793	1.000	1.1911e-01	8.2983e-02	8.5392e-02	1.1541e-01	5.6062e-02	7.5694e-02	4.5215e-02	7.7866e-02	4.4204e-02
2456707.729166	2014	50	2014.1348744	1.333	0.717	1.000	1.0068e-01	7.9758e-02	8.4888e-02	9.5891e-02	5.2635e-02	7.2957e-02	4.9119e-02	7.7815e-02	5.0211e-02
2456707.770833	2014	50	2014.1349886	1.333	0.790	1.000	1.0293e-01	8.5205e-02	7.6992e-02	9.9943e-02	5.2848e-02	7.7802e-02	4.7565e-02	6.9245e-02	4.6473e-02
2456707.937500	2014	50	2014.1354452	1.333	0.782	1.000	1.0641e-01	9.9553e-02	7.8092e-02	1.0470e-01	5.5820e-02	9.2152e-02	4.5190e-02	7.0534e-02	4.4583e-02
2456707.979166	2014	50	2014.1355594	1.333	0.722	1.000	1.2901e-01	6.1175e-02	9.0093e-02	1.2983e-01	5.6533e-02	5.4134e-02	4.1893e-02	8.2941e-02	4.4825e-02
2456708.020833	2014	50	2014.1356735	1.333	0.778	1.000	1.1320e-01	8.3682e-02	9.2379e-02	1.1653e-01	5.6547e-02	7.6247e-02	4.8660e-02	8.4850e-02	5.1667e-02
2456708.062500	2014	50	2014.1357877	1.333	0.724	1.000	1.4065e-01	8.6408e-02	9.4747e-02	1.4606e-01	6.0744e-02	7.9600e-02	4.5155e-02	8.7741e-02	4.5201e-02
2456708.104166	2014	50	2014.1359018	1.333	0.773	1.000	1.7437e-01	6.8052e-02	9.7761e-02	1.9327e-01	7.0843e-02	6.0905e-02	4.5161e-02	9.0274e-02	4.9379e-02
2456708.145833	2014	50	2014.1360160	1.333	0.727	1.000	1.7463e-01	8.1902e-02	7.6811e-02	1.9011e-01	6.6377e-02	7.4988e-02	3.9466e-02	6.9739e-02	4.9176e-02
2456708.187500	2014	50	2014.1361301	1.333	0.769	1.000	1.7489e-01	8.0484e-02	8.4495e-02	2.0158e-01	6.8494e-02	7.3307e-02	3.9409e-02	7.7170e-02	4.6234e-02
2456708.229166	2014	50	2014.1362443	1.333	0.729	1.000	1.6129e-01	8.7405e-02	8.5748e-02	1.7575e-01	5.9812e-02	8.0665e-02	3.9020e-02	7.8863e-02	5.1446e-02
2456708.270833	2014	50	2014.1363584	1.333	0.765	1.000	1.9306e-01	7.8213e-02	9.6293e-02	2.1521e-01	6.8448e-02	7.0929e-02	4.0675e-02	8.7781e-02	4.7703e-02
2456708.312500	2014	50	2014.1364726	1.333	0.732	1.000	1.5312e-01	6.8747e-02	8.3823e-02	1.6679e-01	6.3656e-02	6.1790e-02	4.2938e-02	7.4905e-02	4.4422e-02
2456708.354166	2014	50	2014.1365868	1.333	0.760	1.000	1.6155e-01	9.7438e-02	8.9419e-02	1.7587e-01	6.4638e-02	9.0266e-02	4.6736e-02	8.2094e-02	4.8062e-02
2456708.395833	2014	50	2014.1367009	1.333	0.735	1.000	1.3276e-01	8.1925e-02	9.4062e-02	1.4167e-01	5.9404e-02	7.4930e-02	4.3361e-02	8.7125e-02	4.5469e-02
2456708.437500	2014	50	2014.1368151	1.333	0.756	1.000	1.5558e-01	8.2302e-02	9.8336e-02	1.7230e-01	6.5498e-02	7.5295e-02	4.6362e-02	9.1082e-02	5.0891e-02
2456708.479166	2014	50	2014.1369292	1.333	0.739	1.000	1.6566e-01	9.3248e-02	9.2205e-02	1.8213e-01	6.5888e-02	8.6014e-02	4.3379e-02	8.5158e-02	5.0161e-02
2456708.520833	2014	51	2014.1370434	1.333	0.752	1.000	1.7500e-01	7.9852e-02	8.8936e-02	1.9218e-01	6.4164e-02	7.2684e-02	4.2599e-02	8.1652e-02	4.7270e-02
2456708.562500	2014	51	2014.1371575	1.333	0.742	1.000	1.9123e-01	8.6920e-02	8.2088e-02	2.0981e-01	6.7090e-02	8.0004e-02	4.3412e-02	7.5116e-02	4.6514e-02
2456708.604166	2014	51	2014.1372717	1.333	0.748	1.000	1.9284e-01	8.9040e-02	9.5847e-02	2.1262e-01	7.1662e-02	8.2046e-02	4.9886e-02	8.8832e-02	4.7089e-02
2456708.645833	2014	51	2014.1373858	1.333	0.746	1.000	1.7778e-01	8.9675e-02	9.4457e-02	1.9556e-01	6.2377e-02	8.2659e-02	4.6367e-02	8.7426e-02	4.6566e-02
2456708.687500	2014	51	2014.1375000	1.333	0.744	1.000	1.9079e-01	8.3214e-02	9.3801e-02	2.1123e-01	6.7753e-02	7.6083e-02	4.4369e-02	8.5455e-02	5.1891e-02
2456708.729166	2014	51	2014.1376142	1.333	0.750	1.000	1.3673e-01	8.3301e-02	8.1629e-02	1.4028e-01	5.6716e-02	7.6484e-02	4.3567e-02	7.4426e-02	4.9629e-02
2456708.770833	2014	51	2014.1377283	1.333	0.740	1.000	9.8917e-02	8.1566e-02	9.1346e-02	9.8537e-02	5.0344e-02	7.4583e-02	4.2625e-02	8.4117e-02	4.8802e-02
2456708.812500	2014	51	2014.1378425	1.333	0.754	1.000	1.0402e-01	8.3174e-02	7.5183e-02	1.0076e-01	4.5604e-02	7.6256e-02	4.6408e-02	6.7998e-02	4.1477e-02
2456708.854166	2014	51	2014.1379566	1.333	0.737	1.000	3.2286e-01	2.4735e-01	2.8761e-01	2.7545e-01	1.7192e-01	2.2599e-01	1.1911e-01	2.5814e-01	1.3669e-01
2456708.895833	2014	51	2014.1380708	1.333	0.759	1.000	1.0464e+00	2.6803e-01	4.3405e-01	1.0954e+00	4.4348e-01	2.4491e-01	1.2444e-01	4.0939e-01	1.5543e-01
2456708.937500	2014	51	2014.1381849	1.333	0.733	1.000	6.0989e-01	1.6739e-01	2.4693e-01	6.3290e-01	2.5440e-01	1.5278e-01	8.2792e-02	2.2819e-01	1.0704e-01
2456708.979166	2014	51	2014.1382991	1.333	0.763	1.000	7.4672e-01	1.7094e-01	2.4799e-01	8.0948e-01	3.0567e-01	1.5721e-01	8.3544e-02	2.3431e-01	9.7339e-02
2456709.020833	2014	51	2014.1384132	1.333	0.730	1.000	7.1394e-01	1.7721e-01	2.2578e-01	7.6787e-01	2.9461e-01	1.6405e-01	7.3132e-02	2.1255e-01	9.3360e-02
2456709.062500	2014	51	2014.1385274	1.333	0.768	1.000	6.7995e-01	1.3537e-01	2.2251e-01	7.4518e-01	2.6494e-01	1.2339e-01	7.0902e-02	2.1208e-01	8.5728e-02
2456709.104166	2014	51	2014.1386416	1.333	0.727	1.000	4.2566e-01	1.2090e-01	1.5315e-01	4.6134e-01	1.7281e-01	1.1189e-01	5.2576e-02	1.4393e-01	6.3093e-02
2456709.145833	2014	51	2014.1387557	1.333	0.772	1.000	1.8749e-01	1.0576e-01	1.1421e-01	1.8650e-01	8.7055e-02	9.7854e-02	4.8580e-02	1.0633e-01	5.7529e-02
2456709.187500	2014	51	2014.1388699	1.333	0.724	1.000	1.6939e-01	8.7459e-02	1.1834e-01	1.6712e-01	7.6564e-02	7.9995e-02	4.6798e-02	1.0746e-01	6.0387e-02
2456709.229166	2014	51	2014.1389840	1.333	0.777	1.000	1.4038e-01	1.0009e-01	1.3953e-01	1.3777e-01	6.9333e-02	9.2308e-02	5.3973e-02	1.1722e-01	7.9510e-02
2456709.270833	2014	51	2014.1390982	1.333	0.722	1.000	1.5135e-01	8.6598e-02	9.3387e-02	1.4971e-01	7.6414e-02	7.9526e-02	4.5504e-02	8.5643e-02	4.8210e-02
2456709.312500	2014	51	2014.1392123	1.333	0.782	1.000	1.7516e-01	7.8769e-02	9.3603e-02	1.7564e-01	8.1702e-02	7.1384e-02	4.1906e-02	8.6242e-02	4.8629e-02
2456709.354166	2014	51	2014.1393265	1.333	0.719	1.000	1.5194e-01	8.3625e-02	9.1654e-02	1.5341e-01	7.2539e-02	7.6620e-02	4.0173e-02	8.4297e-02	5.2242e-02
2456709.395833	2014	51	2014.1394406	1.333	0.787	1.000	1.6486e-01	8.1750e-02	1.0580e-01	1.6598e-01	7.7270e-02	7.4391e-02	4.5365e-02	9.8410e-02	5.1205e-02
2456709.437500	2014	51	2014.1395548	1.333	0.717	1.000	1.4273e-01	8.0941e-02	8.0403e-02	1.4384e-01	6.7806e-02	7.4229e-02	3.8875e-02	7.3164e-02	4.5817e-02
2456709.479166	2014	51	2014.1396689	1.333	0.792	1.000	1.3042e-01	8.1611e-02	8.4395e-02	1.3208e-01	6.6618e-02	7.4183e-02	4.7142e-02	7.7229e-02	4.9086e-02
2456709.520833	2014	52	2014.1397831	1.333	0.715	1.000	1.3829e-01	7.7040e-02	8.2336e-02	1.3832e-01	6.2754e-02	7.0384e-02	4.3612e-02	7.5139e-02	4.7979e-02
2456709.562500	2014	52	2014.1398973	1.333	0.797	1.000	1.2486e-01	8.5335e-02	9.0652e-02	1.2410e-01	6.3378e-02	7.7954e-02	4.1653e-02	8.3205e-02	4.7669e-02
2456709.604166	2014	52	2014.1400114	1.333	0.713	1.000	1.2190e-01	7.4438e-02	8.4712e-02	1.2081e-01	6.2984e-02	6.7728e-02	3.9373e-02	7.6669e-02	5.0755e-02
2456709.645833	2014	52	2014.1401256	1.333	0.802	1.000	1.1728e-01	8.3737e-02	8.0176e-02	1.1494e-01	6.0373e-02	7.6610e-02	4.6510e-02	7.3048e-02	5.0022e-02
2456709.687500	2014	52	2014.1402397	1.333	0.711	1.000	1.1241e-01	9.5704e-02	7.5731e-02	1.1001e-01	5.4892e-02	8.8985e-02	4.8154e-02	6.8824e-02	4.4369e-02
2456709.729166	2014	52	2014.1403539	1.333	0.806	1.000	1.1726e-01	7.7980e-02	7.5781e-02	1.1383e-01	5.8354e-02	7.0773e-02	4.1969e-02	6.8789e-02	4.5535e-02
2456709.770833	2014	52	2014.1404680	1.333	0.710	1.000	1.1991e-01	8.8967e-02	6.5930e-02	1.1568e-01	5.4821e-02	8.2351e-02	4.1562e-02	5.9119e-02	4.2696e-02
2456709.812500	2014	52	2014.1405822	1.333	0.810	1.000	1.0940e-01	8.0304e-02	8.5031e-02	1.0484e-01	5.4284e-02	7.3279e-02	4.3726e-02	7.7752e-02	4.0667e-02
2456709.854166	2014	52	2014.1406963	1.333	0.709	1.000	1.0239e-01	7.7655e-02	7.8887e-02	9.7821e-02	4.7508e-02	7.1104e-02	3.9435e-02	7.2251e-02	4.3944e-02
2456709.895833	2014	52	2014.1408105	1.333	0.814	1.000	1.1418e-01	9.0742e-02	8.6182e-02	1.0957e-01	5.5341e-02	8.3613e-02	4.4692e-02	7.9034e-02	4.7335e-02
2456709.937500	2014	52	2014.1409247	1.333	0.708	1.000	9.4976e-02	7.3757e-02	7.9253e-02	9.0391e-02	4.7193e-02	6.7334e-02	3.7412e-02	7.2436e-02	4.6633e-02
2456709.979166	2014	52	2014.1410388	1.333	0.816	1.000	8.4097e-02	8.2265e-02	7.9978e-02	7.9150e-02	5.4270e-02	7.5210e-02	4.6223e-02	7.2647e-02	4.5500e-02
2456710.020833	2014	52	2014.1411530	1.333	0.707	1.000	9.0479e-02	8.6611e-02	7.9242e-02	8.5826e-02	4.8514e-02	8.0148e-02	4.3735e-02	7.2476e-02	4.2213e-02
2456710.062500	2014	52	2014.1412671	1.333	0.818	1.000	9.1016e-02	7.2315e-02	7.9030e-02	8.6268e-02	4.3366e-02	6.5178e-02	4.4731e-02	7.1556e-02	4.5474e-02
2456710.112280	2014	52	2014.1414035	1.333	0.709	1.000	1.2023e-01	9.5153e-02	9.8422e-02	1.1539e-01	5.0087e-02	8.8979e-02	4.1081e-02	9.1976e-02	4.3937e-02
2456710.153946	2014	52	2014.1415177	1.333	0.810	1.000	9.4228e-02	8.0830e-02	8.4247e-02	8.8961e-02	4.6942e-02	7.3949e-02	4.4914e-02	7.7041e-02	4.7739e-02
2456710.195613	2014	52	2014.1416318	1.333	0.710	1.000	9.7015e-02	7.0313e-02	7.3974e-02	9.1864e-02	5.2084e-02	6.4063e-02	4.2608e-02	6.7227e-02	4.3746e-02
2456710.237280	2014	52	2014.1417460	1.333	0.806	1.000	1.0620e-01	6.9774e-02	8.2004e-02	1.0061e-01	4.9985e-02	6.2684e-02	4.3154e-02	7.4881e-02	5.0154e-02
2456710.278946	2014	52	2014.1418601	1.333	0.712	1.000	9.7413e-02	7.7572e-02	7.5745e-02	9.2355e-02	5.1185e-02	7.0966e-02	4.2071e-02	6.9142e-02	4.3270e-02
2456710.320613	2014	52	2014.1419743	1.333	0.802	1.000	9.9845e-02	7.2551e-02	7.1607e-02	9.4278e-02	4.9292e-02	6.5976e-02	4.1392e-02	6.4671e-02	4.6380e-02
2456710.362280	2014	52	2014.1420884	1.333	0.713	1.000	9.6683e-02	7.9534e-02	7.8105e-02	9.1041e-02	5.1673e-02	7.3140e-02	3.9548e-02	7.1492e-02	3.8371e-02
2456710.403946	2014	52	2014.1422026	1.333	0.797	1.000	9.8978e-02	7.6108e-02	8.2802e-02	9.3137e-02	5.0629e-02	6.9200e-02	4.1043e-02	7.5838e-02	4.7175e-02
2456710.445613	2014	52	2014.1423167	1.333	0.715	1.000	8.7298e-02	6.4315e-02	7.5859e-02	8.1904e-02	4.6568e-02	5.7856e-02	3.8306e-02	6.9248e-02	4.1628e-02
2456710.487280	2014	52	2014.1424309	1.333	0.793	1.000	8.3939e-02	7.9643e-02	7.2776e-02	7.8201e-02	4.5614e-02	7.2991e-02	4.5793e-02	6.5853e-02	4.5223e-02
2456710.520833	2014	53	2014.1425228	1.333	0.708	1.000	9.7772e-02	7.9353e-02	8.5878e-02	9.2338e-02	4.8892e-02	7.3081e-02	3.9906e-02	7.9090e-02	4.6573e-02
2456710.562500	2014	53	2014.1426370	1.333	0.815	1.000	8.0539e-02	9.4279e-02	8.8296e-02	7.4262e-02	5.2203e-02	8.7212e-02	4.0814e-02	8.1085e-02	4.4770e-02
2456710.604166	2014	53	2014.1427511	1.333	0.708	1.000	8.1844e-02	7.7740e-02	7.3556e-02	7.6317e-02	4.7826e-02	7.1515e-02	4.5117e-02	6.6320e-02	4.2623e-02
2456710.645833	2014	53	2014.1428653	1.333	0.813	1.000	8.5405e-02	8.9886e-02	8.6813e-02	7.9273e-02	4.2917e-02	8.2776e-02	4.4761e-02	7.9574e-02	4.6435e-02
2456710.687500	2014	53	2014.1429795	1.333	0.709	1.000	1.0863e-01	7.3720e-02	7.5705e-02	1.0339e-01	5.2978e-02	6.7271e-02	4.2834e-02	6.9198e-02	4.3785e-02
2456710.729166	2014	53	2014.1430936	1.333	0.810	1.000	1.0092e-01	8.8128e-02	7.4212e-02	9.5098e-02	4.8736e-02	8.1150e-02	4.3157e-02	6.6915e-02	4.6362e-02
2456710.770833	2014	53	2014.1432078	1.333	0.710	1.000	8.9467e-02	8.0950e-02	8.1279e-02	8.3879e-02	5.1094e-02	7.4454e-02	4.2325e-02	7.4701e-02	4.2913e-02
2456710.812500	2014	53	2014.1433219	1.333	0.807	1.000	9.7701e-02	7.7342e-02	7.6754e-02	9.1901e-02	4.8512e-02	7.0344e-02	4.4363e-02	6.9477e-02	4.6331e-02
2456710.854166	2014	53	2014.1434361	1.333	0.711	1.000	8.7574e-02	6.9718e-02	6.9623e-02	8.2066e-02	5.0529e-02	6.3139e-02	4.3604e-02	6.3016e-02	4.1622e-02
2456710.895833	2014	53	2014.1435502	1.333	0.804	1.000	1.0162e-01	7.7966e-02	9.3870e-02	9.5830e-02	4.8713e-02	7.0931e-02	3.8049e-02	8.6664e-02	5.0092e-02
2456710.937500	2014	53	2014.1436644	1.333	0.712	1.000	9.5860e-02	8.7735e-02	9.0676e-02	9.0501e-02	4.8047e-02	8.1235e-02	4.3364e-02	8.3985e-02	4.8890e-02
2456710.979166	2014	53	2014.1437785	1.333	0.800	1.000	8.7784e-02	8.3050e-02	7.5876e-02	8.1824e-02	4.5014e-02	7.6046e-02	4.1211e-02	6.8831e-02	4.1575e-02
2456711.020833	2014	53	2014.1438927	1.333	0.714	1.000	8.4787e-02	8.2706e-02	7.9428e-02	7.8991e-02	5.0875e-02	7.6171e-02	4.0980e-02	7.2846e-02	4.6195e-02
2456711.062500	2014	53	2014.1440068	1.333	0.796	1.000	9.0510e-02	8.5604e-02	7.6865e-02	8.4389e-02	5.6384e-02	7.8559e-02	4.4992e-02	6.9755e-02	4.6338e-02
2456713.645833	2014	56	2014.1510845	1.333	0.710	1.000	9.4567e-02	8.2183e-02	8.5928e-02	8.5115e-02	5.2389e-02	7.4276e-02	4.7984e-02	7.7236e-02	5.1389e-02
2456713.687500	2014	56	2014.1511986	1.333	0.810	1.000	1.3407e-01	1.1694e-01	1.0636e-01	1.1738e-01	7.0722e-02	1.0533e-01	5.9849e-02	9.3693e-02	6.3003e-02
2456713.729166	2014	56	2014.1513128	1.333	0.710	1.000	1.8432e-01	1.3573e-01	1.4741e-01	1.5824e-01	9.2199e-02	1.2129e-01	7.1982e-02	1.3096e-01	8.0548e-02
2456713.770833	2014	56	2014.1514269	1.333	0.811	1.000	2.6610e-01	2.1253e-01	2.1851e-01	2.2637e-01	1.4111e-01	1.9278e-01	1.0680e-01	1.9601e-01	1.1773e-01
2456713.812500	2014	56	2014.1515411	1.333	0.710	1.000	3.1582e-01	2.5681e-01	2.6306e-01	2.6678e-01	1.8490e-01	2.3283e-01	1.3575e-01	2.3543e-01	1.4010e-01
2456713.854166	2014	56	2014.1516553	1.333	0.811	1.000	5.2396e-01	3.3034e-01	3.6584e-01	4.5923e-01	2.8022e-01	3.0139e-01	1.6693e-01	3.3406e-01	1.7823e-01
2456713.895833	2014	56	2014.1517694	1.333	0.710	1.000	5.5600e-01	3.6072e-01	3.7567e-01	4.9367e-01	3.0722e-01	3.2983e-01	1.8116e-01	3.3801e-01	2.0102e-01
2456713.937500	2014	56	2014.1518836	1.333	0.811	1.000	7.6653e-01	3.8654e-01	4.7372e-01	6.9162e-01	3.9873e-01	3.5120e-01	2.0219e-01	4.3695e-01	2.1553e-01
2456713.979166	2014	56	2014.1519977	1.333	0.710	1.000	8.2220e-01	4.2638e-01	4.8073e-01	7.5169e-01	4.1804e-01	3.8947e-01	2.1078e-01	4.3587e-01	2.4591e-01
2456714.020833	2014	56	2014.1521119	1.333	0.810	1.000	1.0807e+00	4.7497e-01	5.7553e-01	1.0047e+00	5.4762e-01	4.3533e-01	2.2409e-01	5.3452e-01	2.5426e-01
2456714.062500	2014	56	2014.1522260	1.333	0.710	1.000	1.2210e+00	4.9045e-01	6.2358e-01	1.1572e+00	5.7829e-01	4.4836e-01	2.5265e-01	5.7255e-01	2.9079e-01
2456714.104166	2014	56	2014.1523402	1.333	0.809	1.000	1.8640e+00	6.0822e-01	8.0953e-01	1.8068e+00	8.7422e-01	5.6056e-01	2.9486e-01	7.6328e-01	3.3417e-01
2456714.145833	2014	56	2014.1524543	1.333	0.711	1.000	1.8362e+00	5.9378e-01	7.7232e-01	1.7894e+00	8.4078e-01	5.4402e-01	2.8543e-01	7.1106e-01	3.5442e-01
2456714.187500	2014	56	2014.1525685	1.333	0.807	1.000	2.1422e+00	6.2343e-01	8.3288e-01	2.0994e+00	9.5224e-01	5.7445e-01	2.9912e-01	7.8539e-01	3.5253e-01
2456714.229166	2014	56	2014.1526826	1.333	0.711	1.000	2.0052e+00	5.4983e-01	8.4281e-01	1.9802e+00	8.7801e-01	5.0028e-01	2.8573e-01	7.8310e-01	3.5767e-01
2456714.270833	2014	56	2014.1527968	1.333	0.804	1.000	2.2748e+00	5.8955e-01	9.0165e-01	2.2517e+00	9.7866e-01	5.4199e-01	2.8584e-01	8.5635e-01	3.4612e-01
2456714.312500	2014	56	2014.1529110	1.333	0.712	1.000	2.6768e+00	6.7408e-01	9.5998e-01	2.6952e+00	1.1171e+00	6.1945e-01	3.2280e-01	8.9550e-01	4.0533e-01
2456714.354166	2014	56	2014.1530251	1.333	0.800	1.000	3.0772e+00	6.2725e-01	9.5445e-01	3.0952e+00	1.3092e+00	5.7609e-01	2.9894e-01	9.0785e-01	3.7931e-01
2456714.395833	2014	56	2014.1531393	1.333	0.713	1.000	2.3693e+00	5.9952e-01	8.9001e-01	2.3847e+00	9.9692e-01	5.4962e-01	3.0229e-01	8.3059e-01	3.8237e-01
2456714.437500	2014	56	2014.1532534	1.333	0.797	1.000	2.9606e+00	5.9759e-01	9.0659e-01	3.0075e+00	1.1938e+00	5.4847e-01	2.9555e-01	8.6175e-01	3.6219e-01
2456714.479166	2014	56	2014.1533676	1.333	0.714	1.000	2.5546e+00	5.8566e-01	8.7187e-01	2.5904e+00	1.0576e+00	5.3690e-01	2.9112e-01	8.1309e-01	3.6598e-01
2456714.520833	2014	57	2014.1534817	1.333	0.793	1.000	2.9010e+00	5.7351e-01	8.7395e-01	2.9730e+00	1.1569e+00	5.2816e-01	2.8139e-01	8.3018e-01	3.4442e-01
2456714.562500	2014	57	2014.1535959	1.333	0.716	1.000	2.3294e+00	5.4879e-01	7.9166e-01	2.3720e+00	9.6768e-01	5.0310e-01	2.7661e-01	7.3584e-01	3.4293e-01
2456714.604166	2014	57	2014.1537100	1.333	0.789	1.000	2.5849e+00	5.5969e-01	8.2437e-01	2.6435e+00	1.0448e+00	5.1614e-01	2.6508e-01	7.8424e-01	3.1986e-01
2456714.645833	2014	57	2014.1538242	1.333	0.717	1.000	2.3512e+00	5.3679e-01	7.5682e-01	2.4085e+00	9.5536e-01	4.9367e-01	2.5664e-01	7.0775e-01	3.2817e-01
2456714.687500	2014	57	2014.1539384	1.333	0.785	1.000	2.4004e+00	5.1552e-01	7.6774e-01	2.4543e+00	9.6547e-01	4.7498e-01	2.5028e-01	7.2851e-01	3.0629e-01
2456714.729166	2014	57	2014.1540525	1.333	0.719	1.000	2.3545e+00	4.8111e-01	7.2644e-01	2.4219e+00	9.4799e-01	4.3980e-01	2.5078e-01	6.7786e-01	3.1374e-01
2456714.770833	2014	57	2014.1541667	1.333	0.781	1.000	2.3761e+00	5.1978e-01	7.5397e-01	2.4411e+00	9.7139e-01	4.8055e-01	2.4308e-01	7.1711e-01	2.9003e-01
2456714.812500	2014	57	2014.1542808	1.333	0.722	1.000	2.2341e+00	4.8773e-01	7.1277e-01	2.3014e+00	9.0800e-01	4.4854e-01	2.4864e-01	6.6803e-01	2.9566e-01
2456714.854166	2014	57	2014.1543950	1.333	0.777	1.000	2.3894e+00	4.4589e-01	7.1685e-01	2.4665e+00	9.6673e-01	4.0743e-01	2.2674e-01	6.8060e-01	2.7817e-01
2456714.895833	2014	57	2014.1545091	1.333	0.724	1.000	2.1705e+00	4.4113e-01	6.5793e-01	2.2414e+00	8.7309e-01	4.0378e-01	2.2131e-01	6.1615e-01	2.8165e-01
2456714.937500	2014	57	2014.1546233	1.333	0.772	1.000	2.3047e+00	4.4719e-01	6.4182e-01	2.3889e+00	9.1279e-01	4.1162e-01	2.1926e-01	6.0927e-01	2.6883e-01
2456714.979166	2014	57	2014.1547374	1.333	0.727	1.000	2.2394e+00	4.1393e-01	6.9614e-01	2.3228e+00	8.8940e-01	3.7451e-01	2.2815e-01	6.4436e-01	3.0544e-01
2456715.490717	2014	57	2014.1561390	1.333	0.793	1.000	2.1771e+00	3.5941e-01	5.8199e-01	2.2953e+00	8.4596e-01	3.3164e-01	1.7136e-01	5.5624e-01	2.1629e-01
2456715.520833	2014	58	2014.1562215	1.333	0.744	1.000	2.1532e+00	3.2666e-01	5.6840e-01	2.2839e+00	8.3340e-01	2.9976e-01	1.6093e-01	5.4126e-01	2.1616e-01
2456715.562500	2014	58	2014.1563356	1.333	0.750	1.000	2.2346e+00	3.3315e-01	5.5397e-01	2.3791e+00	8.5958e-01	3.0708e-01	1.6444e-01	5.2780e-01	2.1496e-01
2456715.604166	2014	58	2014.1564498	1.333	0.740	1.000	2.3799e+00	3.5058e-01	7.2483e-01	2.5459e+00	9.0885e-01	3.2255e-01	1.7047e-01	6.4363e-01	3.3121e-01
2456715.645833	2014	58	2014.1565639	1.333	0.754	1.000	2.3613e+00	3.3892e-01	6.1853e-01	2.5239e+00	8.8995e-01	3.1192e-01	1.6831e-01	5.7669e-01	2.4573e-01
2456715.687500	2014	58	2014.1566781	1.333	0.737	1.000	2.5728e+00	3.1600e-01	6.1874e-01	2.7680e+00	9.4567e-01	2.8985e-01	1.5666e-01	5.9226e-01	2.1868e-01
2456715.729166	2014	58	2014.1567922	1.333	0.757	1.000	2.6344e+00	3.2187e-01	5.8757e-01	2.8393e+00	9.5860e-01	2.9609e-01	1.5665e-01	5.6459e-01	2.0875e-01
2456715.770833	2014	58	2014.1569064	1.333	0.734	1.000	2.6425e+00	3.2746e-01	5.9773e-01	2.8493e+00	9.5994e-01	3.0165e-01	1.5352e-01	5.7143e-01	2.1428e-01
2456715.812500	2014	58	2014.1570205	1.333	0.761	1.000	2.6716e+00	3.0953e-01	5.7825e-01	2.8858e+00	9.6605e-01	2.8466e-01	1.4570e-01	5.5640e-01	2.0345e-01
2456715.854166	2014	58	2014.1571347	1.333	0.731	1.000	2.5290e+00	3.0065e-01	5.9526e-01	2.7392e+00	9.2280e-01	2.7626e-01	1.5307e-01	5.7078e-01	2.0841e-01
2456715.895833	2014	58	2014.1572489	1.333	0.765	1.000	2.5351e+00	3.0954e-01	5.7545e-01	2.7507e+00	9.1069e-01	2.8662e-01	1.3718e-01	5.5644e-01	1.9651e-01
2456715.937500	2014	58	2014.1573630	1.333	0.728	1.000	2.4777e+00	2.8766e-01	5.5681e-01	2.6912e+00	8.9145e-01	2.6409e-01	1.4332e-01	5.3309e-01	1.9817e-01
2456715.979166	2014	58	2014.1574772	1.333	0.770	1.000	2.5431e+00	3.0006e-01	5.5115e-01	2.7586e+00	9.0284e-01	2.7759e-01	1.3694e-01	5.3213e-01	1.8901e-01
2456716.020833	2014	58	2014.1575913	1.333	0.726	1.000	2.5001e+00	2.7234e-01	5.4679e-01	2.7207e+00	8.9532e-01	2.4923e-01	1.3636e-01	5.2131e-01	2.0126e-01
2456716.062500	2014	58	2014.1577055	1.333	0.774	1.000	2.5898e+00	2.8229e-01	5.2833e-01	2.8170e+00	9.2855e-01	2.6035e-01	1.2881e-01	5.1088e-01	1.8549e-01
2456716.104166	2014	58	2014.1578196	1.333	0.723	1.000	2.5307e+00	2.7548e-01	5.2809e-01	2.7674e+00	8.9448e-01	2.5294e-01	1.3771e-01	5.0417e-01	1.9166e-01
2456716.145833	2014	58	2014.1579338	1.333	0.779	1.000	3.0240e+00	2.8292e-01	5.7231e-01	3.3115e+00	1.0502e+00	2.6121e-01	1.3632e-01	5.5760e-01	1.8413e-01
2456716.187500	2014	58	2014.1580479	1.333	0.721	1.000	2.9349e+00	2.8592e-01	5.6430e-01	3.2241e+00	1.0238e+00	2.6300e-01	1.3043e-01	5.3972e-01	2.0657e-01
2456716.229166	2014	58	2014.1581621	1.333	0.783	1.000	3.5567e+00	3.0154e-01	6.2685e-01	3.9284e+00	1.2062e+00	2.7866e-01	1.3516e-01	6.1408e-01	2.0082e-01
2456716.270833	2014	58	2014.1582763	1.333	0.718	1.000	4.3733e+00	2.8211e-01	6.9868e-01	4.8984e+00	1.4515e+00	2.5797e-01	1.3692e-01	6.7400e-01	2.2250e-01
2456716.312500	2014	58	2014.1583904	1.333	0.788	1.000	4.2190e+00	2.6772e-01	6.7735e-01	4.7584e+00	1.3762e+00	2.4616e-01	1.2681e-01	6.6834e-01	1.9897e-01
2456716.354166	2014	58	2014.1585046	1.333	0.716	1.000	3.6865e+00	2.7265e-01	5.7698e-01	4.1665e+00	1.2112e+00	2.5138e-01	1.3081e-01	5.5579e-01	2.0143e-01
2456716.395833	2014	58	2014.1586187	1.333	0.793	1.000	3.5540e+00	2.5927e-01	5.8559e-01	4.0001e+00	1.1641e+00	2.3899e-01	1.1917e-01	5.7709e-01	1.7662e-01
2456716.437500	2014	58	2014.1587329	1.333	0.714	1.000	3.4805e+00	2.3755e-01	5.7966e-01	3.9307e+00	1.1343e+00	2.1644e-01	1.1719e-01	5.5598e-01	1.9050e-01
2456716.479166	2014	58	2014.1588470	1.333	0.798	1.000	3.5684e+00	2.3084e-01	5.4878e-01	4.0394e+00	1.1627e+00	2.1195e-01	1.1411e-01	5.4006e-01	1.6324e-01
2456716.520833	2014	59	2014.1589612	1.333	0.712	1.000	2.5423e+00	2.1603e-01	4.4292e-01	2.8520e+00	8.2805e-01	1.9806e-01	1.0289e-01	4.1547e-01	1.6869e-01
2456716.562500	2014	59	2014.1590753	1.333	0.803	1.000	2.5089e+00	2.0747e-01	4.2547e-01	2.7970e+00	8.2026e-01	1.9064e-01	1.0097e-01	4.1655e-01	1.4370e-01
2456716.604166	2014	59	2014.1591895	1.333	0.711	1.000	2.7024e+00	2.2025e-01	7.6984e-01	3.0403e+00	8.8163e-01	1.9969e-01	1.1108e-01	6.2470e-01	3.9497e-01
2456716.645833	2014	59	2014.1593037	1.333	0.807	1.000	4.6415e+00	2.3714e-01	6.4849e-01	5.2856e+00	1.4772e+00	2.1814e-01	1.1705e-01	6.4534e-01	1.7710e-01
2456716.687500	2014	59	2014.1594178	1.333	0.709	1.000	3.9920e+00	2.3898e-01	6.4984e-01	4.5356e+00	1.2530e+00	2.1757e-01	1.2163e-01	6.2467e-01	2.0636e-01
2456716.729166	2014	59	2014.1595320	1.333	0.812	1.000	5.9455e+00	2.6295e-01	7.8990e-01	6.8006e+00	1.8539e+00	2.4202e-01	1.2510e-01	7.9040e-01	2.0096e-01
2456716.770833	2014	59	2014.1596461	1.333	0.708	1.000	5.0304e+00	2.6024e-01	7.0299e-01	5.7689e+00	1.5619e+00	2.3786e-01	1.2252e-01	6.7268e-01	2.2765e-01
2456716.812500	2014	59	2014.1597603	1.333	0.815	1.000	7.6078e+00	2.6719e-01	9.1612e-01	8.8015e+00	2.3077e+00	2.4555e-01	1.2602e-01	9.1971e-01	2.1772e-01
2456716.854166	2014	59	2014.1598744	1.333	0.707	1.000	7.0690e+00	2.6397e-01	8.5254e-01	8.2012e+00	2.1185e+00	2.3888e-01	1.2999e-01	8.2507e-01	2.4576e-01
2456716.895833	2014	59	2014.1599886	1.333	0.819	1.000	8.7387e+00	2.7966e-01	9.6577e-01	1.0169e+01	2.6297e+00	2.5715e-01	1.2744e-01	9.7624e-01	2.2577e-01
2456716.937500	2014	59	2014.1601027	1.333	0.706	1.000	7.1618e+00	2.6906e-01	9.0346e-01	8.3237e+00	2.1267e+00	2.4429e-01	1.3048e-01	8.7446e-01	2.5128e-01
2456716.979166	2014	59	2014.1602169	1.333	0.822	1.000	8.8696e+00	2.7342e-01	9.7175e-01	1.0341e+01	2.6554e+00	2.5235e-01	1.1915e-01	9.8001e-01	2.2132e-01
2456717.020833	2014	59	2014.1603311	1.333	0.705	1.000	7.1172e+00	2.7444e-01	8.4203e-01	8.3006e+00	2.1053e+00	2.4970e-01	1.2796e-01	8.1443e-01	2.4505e-01
2456717.062500	2014	59	2014.1604452	1.333	0.824	1.000	9.0106e+00	2.4372e-01	9.7223e-01	1.0545e+01	2.6488e+00	2.2366e-01	1.1482e-01	9.8650e-01	2.0426e-01
2456717.104166	2014	59	2014.1605594	1.333	0.705	1.000	6.9830e+00	2.2998e-01	8.1630e-01	8.1630e+00	2.0506e+00	2.0772e-01	1.2227e-01	7.8969e-01	2.2921e-01
2456717.145833	2014	59	2014.1606735	1.333	0.825	1.000	7.9625e+00	2.2831e-01	8.5017e-01	9.3481e+00	2.3013e+00	2.0966e-01	1.1268e-01	8.6163e-01	1.7921e-01
2456717.187500	2014	59	2014.1607877	1.333	0.704	1.000	6.5248e+00	2.1230e-01	7.2821e-01	7.6715e+00	1.8698e+00	1.9192e-01	1.0256e-01	7.0803e-01	2.0466e-01
2456717.229166	2014	59	2014.1609018	1.333	0.826	1.000	7.3439e+00	2.2344e-01	7.8596e-01	8.6352e+00	2.1178e+00	2.0619e-01	1.0127e-01	7.9791e-01	1.7081e-01
2456717.270833	2014	59	2014.1610160	1.333	0.704	1.000	5.9668e+00	1.9879e-01	6.7657e-01	7.0115e+00	1.6972e+00	1.7883e-01	9.8350e-02	6.5491e-01	1.9129e-01
2456717.312500	2014	59	2014.1611301	1.333	0.826	1.000	7.0812e+00	2.1119e-01	7.6027e-01	8.3361e+00	2.0277e+00	1.9465e-01	1.0323e-01	7.7047e-01	1.6109e-01
2456717.354166	2014	59	2014.1612443	1.333	0.704	1.000	6.2042e+00	2.1734e-01	6.9455e-01	7.3199e+00	1.7714e+00	1.9739e-01	1.0020e-01	6.7500e-01	1.9049e-01
2456717.395833	2014	59	2014.1613584	1.333	0.825	1.000	6.9599e+00	1.9241e-01	7.3916e-01	8.2060e+00	1.9956e+00	1.7657e-01	9.7665e-02	7.4932e-01	1.5922e-01
2456717.437500	2014	59	2014.1614726	1.333	0.705	1.000	5.5893e+00	1.8330e-01	6.5599e-01	6.6001e+00	1.6028e+00	1.6483e-01	9.4523e-02	6.3612e-01	1.7573e-01
2456717.479166	2014	59	2014.1615868	1.333	0.824	1.000	6.3487e+00	1.7944e-01	6.8660e-01	7.4950e+00	1.8168e+00	1.6391e-01	8.6317e-02	6.9442e-01	1.4616e-01
2456717.520833	2014	60	2014.1617009	1.333	0.705	1.000	5.0702e+00	1.8319e-01	5.8745e-01	5.9791e+00	1.4465e+00	1.6605e-01	8.9558e-02	5.6875e-01	1.6767e-01
2456717.562500	2014	60	2014.1618151	1.333	0.822	1.000	5.8709e+00	1.8380e-01	6.3080e-01	6.9406e+00	1.6747e+00	1.6925e-01	9.0806e-02	6.3696e-01	1.4166e-01
2456717.604166	2014	60	2014.1619292	1.333	0.706	1.000	4.7252e+00	1.7148e-01	5.3776e-01	5.5779e+00	1.3428e+00	1.5551e-01	8.6892e-02	5.2058e-01	1.5238e-01
2456717.645833	2014	60	2014.1620434	1.333	0.819	1.000	5.3779e+00	2.0289e-01	6.0735e-01	6.3552e+00	1.5354e+00	1.8837e-01	8.9079e-02	6.1151e-01	1.3790e-01
2456717.687500	2014	60	2014.1621575	1.333	0.706	1.000	4.3305e+00	1.7539e-01	4.9674e-01	5.1208e+00	1.2395e+00	1.5984e-01	8.4263e-02	4.8020e-01	1.4405e-01
2456717.729166	2014	60	2014.1622717	1.333	0.816	1.000	5.0544e+00	1.6727e-01	5.4821e-01	5.9728e+00	1.4254e+00	1.5343e-01	7.5872e-02	5.5120e-01	1.3033e-01
2456717.770833	2014	60	2014.1623858	1.333	0.707	1.000	4.1640e+00	1.4532e-01	4.6888e-01	4.9260e+00	1.1817e+00	1.3033e-01	8.0426e-02	4.5394e-01	1.3802e-01
2456717.812500	2014	60	2014.1625000	1.333	0.812	1.000	4.4980e+00	1.6260e-01	4.8650e-01	5.3230e+00	1.2665e+00	1.4964e-01	7.4928e-02	4.8886e-01	1.1945e-01
2456717.854166	2014	60	2014.1626142	1.333	0.708	1.000	3.7733e+00	1.3492e-01	4.4721e-01	4.4717e+00	1.0801e+00	1.2103e-01	7.3085e-02	4.3368e-01	1.2782e-01
2456717.895833	2014	60	2014.1627283	1.333	0.808	1.000	4.0725e+00	1.7479e-01	4.5244e-01	4.8182e+00	1.1428e+00	1.6221e-01	7.4144e-02	4.5357e-01	1.1734e-01
2456717.937500	2014	60	2014.1628425	1.333	0.710	1.000	3.5691e+00	1.4902e-01	6.3317e-01	4.2305e+00	1.0120e+00	1.3477e-01	7.7747e-02	4.9441e-01	3.3166e-01
2456717.979166	2014	60	2014.1629566	1.333	0.804	1.000	3.8166e+00	1.3885e-01	4.3771e-01	4.5158e+00	1.0741e+00	1.2695e-01	7.1044e-02	4.3692e-01	1.0850e-01
2456718.020833	2014	60	2014.1630708	1.333	0.711	1.000	3.1692e+00	1.4024e-01	3.6436e-01	3.7450e+00	8.9553e-01	1.2708e-01	7.4147e-02	3.5105e-01	1.1119e-01
2456718.062500	2014	60	2014.1631849	1.333	0.800	1.000	3.6364e+00	1.3917e-01	3.9689e-01	4.3102e+00	1.0246e+00	1.2722e-01	7.0671e-02	3.9512e-01	1.0101e-01
2456718.104166	2014	60	2014.1632991	1.333	0.713	1.000	2.8888e+00	1.3092e-01	3.6799e-01	3.4090e+00	8.1858e-01	1.1794e-01	7.0638e-02	3.5539e-01	1.1326e-01
2456718.145833	2014	60	2014.1634132	1.333	0.796	1.000	3.1963e+00	1.3027e-01	3.5708e-01	3.7917e+00	8.9931e-01	1.1891e-01	6.6527e-02	3.5468e-01	9.4826e-02
2456718.187500	2014	60	2014.1635274	1.333	0.714	1.000	2.6399e+00	1.2062e-01	3.2097e-01	3.1243e+00	7.4373e-01	1.0893e-01	6.2709e-02	3.0889e-01	9.6251e-02
2456718.229166	2014	60	2014.1636416	1.333	0.791	1.000	2.9533e+00	1.2528e-01	3.2870e-01	3.5103e+00	8.3986e-01	1.1481e-01	6.6273e-02	3.2425e-01	9.3790e-02
2456718.270833	2014	60	2014.1637557	1.333	0.716	1.000	2.5002e+00	1.2840e-01	2.9040e-01	2.9576e+00	7.0585e-01	1.1723e-01	6.4867e-02	2.8106e-01	9.1426e-02
2456718.312500	2014	60	2014.1638699	1.333	0.786	1.000	2.4171e+00	1.2026e-01	3.1285e-01	2.8584e+00	6.8908e-01	1.0958e-01	6.0009e-02	3.0777e-01	8.9423e-02
2456718.354166	2014	60	2014.1639840	1.333	0.719	1.000	2.1359e+00	1.0856e-01	2.7375e-01	2.5191e+00	6.0703e-01	9.8082e-02	6.0795e-02	2.6308e-01	8.9212e-02
2456718.395833	2014	60	2014.1640982	1.333	0.782	1.000	2.2187e+00	1.1842e-01	2.9148e-01	2.6182e+00	6.3191e-01	1.0823e-01	6.0023e-02	2.8693e-01	8.6618e-02
2456718.437500	2014	60	2014.1642123	1.333	0.721	1.000	1.9598e+00	1.1996e-01	2.5365e-01	2.3103e+00	5.6074e-01	1.0959e-01	5.7674e-02	2.4368e-01	8.3870e-02
2456718.479166	2014	60	2014.1643265	1.333	0.777	1.000	2.1093e+00	1.3643e-01	2.7311e-01	2.4945e+00	5.9569e-01	1.2650e-01	5.8714e-02	2.6785e-01	8.2638e-02
2456718.520833	2014	61	2014.1644406	1.333	0.723	1.000	1.8516e+00	1.1546e-01	2.2410e-01	2.1805e+00	5.2439e-01	1.0553e-01	5.7913e-02	2.1492e-01	8.6731e-02
2456718.562500	2014	61	2014.1645548	1.333	0.772	1.000	1.8644e+00	1.1120e-01	2.4773e-01	2.2034e+00	5.3619e-01	1.0191e-01	5.8618e-02	2.4227e-01	7.3094e-02
2456718.729166	2014	61	2014.1650114	1.333	0.763	1.000	1.6146e+00	1.1306e-01	2.6959e-01	1.9028e+00	4.6915e-01	1.0344e-01	5.4419e-02	2.4329e-01	1.1005e-01
2456718.770833	2014	61	2014.1651256	1.333	0.732	1.000	1.5222e+00	1.0022e-01	3.0215e-01	1.7875e+00	4.3555e-01	9.0737e-02	5.4092e-02	2.5874e-01	1.3536e-01
2456719.145833	2014	61	2014.1661530	1.333	0.741	1.000	1.0481e+00	9.5587e-02	1.9110e-01	1.2235e+00	3.0789e-01	8.7109e-02	4.9296e-02	1.7180e-01	7.8174e-02
2456719.395833	2014	61	2014.1668379	1.333	0.729	1.000	8.5399e-01	8.2736e-02	1.6779e-01	9.9226e-01	2.4799e-01	7.4601e-02	5.0194e-02	1.4562e-01	8.5426e-02
2456719.812500	2014	62	2014.1679795	1.333	0.714	1.000	5.0932e-01	9.1260e-02	1.4422e-01	5.8019e-01	1.6099e-01	8.3750e-02	4.7446e-02	1.2158e-01	7.5573e-02
2456720.812500	2014	63	2014.1707192	1.333	0.700	1.000	2.6401e-01	8.0722e-02	1.0535e-01	2.9032e-01	9.4937e-02	7.3778e-02	4.4037e-02	9.1428e-02	6.0529e-02
2456730.604166	2014	73	2014.1975457	1.333	0.726	1.000	8.9693e-02	7.8528e-02	7.8161e-02	8.2783e-02	4.8154e-02	7.1767e-02	4.4562e-02	7.1048e-02	4.2559e-02
2456731.104166	2014	73	2014.1989155	1.333	0.713	1.000	1.0340e-01	7.8355e-02	8.5287e-02	9.6850e-02	5.1978e-02	7.1612e-02	4.0662e-02	7.8444e-02	4.3687e-02
2456752.937500	2014	95	2014.2587329	1.333	0.712	1.000	1.0209e-01	8.7629e-02	7.7806e-02	9.6766e-02	4.5812e-02	8.0561e-02	4.2034e-02	7.0718e-02	3.7453e-02
2456752.979166	2014	95	2014.2588470	1.333	0.802	1.000	1.1340e-01	8.6022e-02	9.6450e-02	1.0865e-01	5.0765e-02	7.8352e-02	3.7270e-02	8.8578e-02	4.2260e-02
2456753.020833	2014	95	2014.2589612	1.333	0.711	1.000	1.0143e-01	6.9392e-02	9.3733e-02	9.7017e-02	4.7358e-02	6.2198e-02	3.5399e-02	8.5642e-02	4.1275e-02
2456753.062500	2014	95	2014.2590753	1.333	0.805	1.000	9.3661e-02	9.9508e-02	9.3850e-02	8.8945e-02	4.6758e-02	9.1752e-02	4.3261e-02	8.6126e-02	4.2358e-02
2456753.104166	2014	95	2014.2591895	1.333	0.710	1.000	1.0258e-01	8.1645e-02	7.3040e-02	9.8235e-02	4.8855e-02	7.4527e-02	3.8599e-02	6.5856e-02	3.7280e-02
2456753.145833	2014	95	2014.2593037	1.333	0.807	1.000	1.1452e-01	8.3151e-02	8.4937e-02	1.0981e-01	4.7622e-02	7.5405e-02	4.0186e-02	7.7130e-02	4.3614e-02
2456753.187500	2014	95	2014.2594178	1.333	0.709	1.000	1.0080e-01	7.8056e-02	7.7884e-02	9.7705e-02	4.7070e-02	7.1134e-02	3.3810e-02	7.0777e-02	4.4271e-02
2456753.229166	2014	95	2014.2595320	1.333	0.810	1.000	1.1479e-01	9.4138e-02	8.6752e-02	1.1131e-01	5.5712e-02	8.6772e-02	4.4701e-02	7.8864e-02	4.1557e-02
2456753.270833	2014	95	2014.2596461	1.333	0.708	1.000	1.1606e-01	8.9217e-02	1.0203e-01	1.1272e-01	5.1150e-02	8.2181e-02	3.7798e-02	9.4693e-02	4.0280e-02
2456753.312500	2014	95	2014.2597603	1.333	0.811	1.000	1.0757e-01	8.5755e-02	9.4742e-02	1.0408e-01	5.0847e-02	7.8010e-02	4.2085e-02	8.6813e-02	4.1460e-02
2456753.354166	2014	95	2014.2598744	1.333	0.708	1.000	1.1130e-01	1.0193e-01	8.3059e-02	1.0833e-01	4.9075e-02	9.5012e-02	4.2420e-02	7.5974e-02	3.8729e-02
2456753.395833	2014	95	2014.2599886	1.333	0.813	1.000	1.2627e-01	8.4327e-02	7.8734e-02	1.2350e-01	5.7855e-02	7.6680e-02	3.7796e-02	7.1197e-02	3.9419e-02
2456753.437500	2014	95	2014.2601027	1.333	0.708	1.000	1.0964e-01	7.2717e-02	7.7356e-02	1.0707e-01	5.0848e-02	6.5733e-02	3.6558e-02	7.0234e-02	3.6731e-02
2456753.479166	2014	95	2014.2602169	1.333	0.814	1.000	1.2674e-01	8.8833e-02	7.0934e-02	1.2392e-01	5.8692e-02	8.1311e-02	3.9793e-02	6.3501e-02	4.0550e-02
2456753.520833	2014	96	2014.2603311	1.333	0.707	1.000	1.2486e-01	7.7225e-02	8.6167e-02	1.2335e-01	5.6247e-02	7.0480e-02	3.7252e-02	7.9203e-02	4.1016e-02
2456753.562500	2014	96	2014.2604452	1.333	0.814	1.000	1.2319e-01	7.6111e-02	1.0425e-01	1.2132e-01	5.6364e-02	6.8566e-02	3.8010e-02	9.6561e-02	4.4341e-02
2456753.604166	2014	96	2014.2605594	1.333	0.707	1.000	1.2291e-01	7.6429e-02	9.1206e-02	1.2087e-01	5.5016e-02	6.9711e-02	3.4426e-02	8.4183e-02	4.2644e-02
2456753.645833	2014	96	2014.2606735	1.333	0.815	1.000	1.3707e-01	7.5543e-02	9.5427e-02	1.3559e-01	5.6569e-02	6.8188e-02	3.5182e-02	8.7947e-02	4.3880e-02
2456753.687500	2014	96	2014.2607877	1.333	0.707	1.000	1.2500e-01	8.3195e-02	8.4081e-02	1.2429e-01	5.6499e-02	7.6246e-02	3.5816e-02	7.6891e-02	4.1375e-02
2456753.729166	2014	96	2014.2609018	1.333	0.815	1.000	1.3489e-01	7.2348e-02	8.8590e-02	1.3478e-01	5.8924e-02	6.4716e-02	3.9560e-02	8.0979e-02	3.9625e-02
2456753.770833	2014	96	2014.2610160	1.333	0.707	1.000	1.3036e-01	7.8778e-02	8.0539e-02	1.2882e-01	5.5197e-02	7.1880e-02	3.6107e-02	7.3553e-02	3.6206e-02
2456753.812500	2014	96	2014.2611301	1.333	0.815	1.000	1.4654e-01	8.7947e-02	8.6601e-02	1.4592e-01	6.0704e-02	8.0546e-02	4.2612e-02	7.9010e-02	3.8125e-02
2456753.854166	2014	96	2014.2612443	1.333	0.707	1.000	1.2216e-01	9.2934e-02	7.8127e-02	1.2160e-01	5.6138e-02	8.6100e-02	3.4478e-02	7.1148e-02	3.9666e-02
2456753.895833	2014	96	2014.2613584	1.333	0.814	1.000	1.3232e-01	8.6670e-02	9.4371e-02	1.3213e-01	6.0516e-02	7.9293e-02	3.7913e-02	8.6793e-02	4.1856e-02
2456753.937500	2014	96	2014.2614726	1.333	0.707	1.000	1.3049e-01	7.7130e-02	8.4212e-02	1.2944e-01	5.6533e-02	7.0178e-02	3.7081e-02	7.5541e-02	4.3127e-02
2456753.979166	2014	96	2014.2615868	1.333	0.814	1.000	1.2035e-01	7.8687e-02	9.4734e-02	1.1882e-01	5.5461e-02	7.1237e-02	3.9472e-02	8.7264e-02	4.5834e-02
2456754.020833	2014	96	2014.2617009	1.333	0.707	1.000	1.1441e-01	7.1495e-02	8.3782e-02	1.1390e-01	5.0786e-02	6.4628e-02	3.5211e-02	7.6624e-02	3.5961e-02
2456754.062500	2014	96	2014.2618151	1.333	0.813	1.000	1.3826e-01	8.7985e-02	8.4045e-02	1.3817e-01	6.2315e-02	8.0496e-02	3.8756e-02	7.6509e-02	4.5072e-02
2456754.104166	2014	96	2014.2619292	1.333	0.708	1.000	1.2408e-01	7.8929e-02	8.4787e-02	1.2422e-01	5.4955e-02	7.2127e-02	3.3816e-02	7.7869e-02	3.8456e-02
2456754.145833	2014	96	2014.2620434	1.333	0.812	1.000	1.5759e-01	1.0117e-01	8.0868e-02	1.5553e-01	6.0520e-02	9.3643e-02	4.1118e-02	7.3406e-02	4.2967e-02
2456754.187500	2014	96	2014.2621575	1.333	0.708	1.000	1.1872e-01	7.5900e-02	8.0555e-02	1.1677e-01	4.7438e-02	6.9210e-02	3.2987e-02	7.3656e-02	3.4970e-02
2456754.229166	2014	96	2014.2622717	1.333	0.810	1.000	1.1600e-01	7.6870e-02	7.4816e-02	1.1415e-01	5.0562e-02	6.9330e-02	3.7502e-02	6.7239e-02	4.2008e-02
2456754.270833	2014	96	2014.2623858	1.333	0.709	1.000	1.2077e-01	7.8535e-02	7.8086e-02	1.1843e-01	4.9788e-02	7.1693e-02	3.5920e-02	7.0594e-02	3.6456e-02
2456754.312500	2014	96	2014.2625000	1.333	0.808	1.000	1.2013e-01	8.7344e-02	8.9983e-02	1.1792e-01	5.3101e-02	8.0028e-02	3.9372e-02	8.2496e-02	4.1905e-02
2456754.354166	2014	96	2014.2626142	1.333	0.710	1.000	1.1144e-01	8.6782e-02	8.1684e-02	1.0846e-01	5.0765e-02	7.9970e-02	3.8631e-02	7.4806e-02	3.6014e-02
2456754.395833	2014	96	2014.2627283	1.333	0.805	1.000	1.2814e-01	7.4305e-02	9.3178e-02	1.2543e-01	5.4684e-02	6.7025e-02	3.6361e-02	8.5897e-02	4.2407e-02
2456754.437500	2014	96	2014.2628425	1.333	0.711	1.000	1.0915e-01	7.2002e-02	7.7225e-02	1.0663e-01	4.9391e-02	6.5339e-02	3.7608e-02	7.0247e-02	3.9275e-02
2456754.479166	2014	96	2014.2629566	1.333	0.801	1.000	1.2153e-01	9.4936e-02	7.5085e-02	1.1799e-01	5.0413e-02	8.7492e-02	3.8301e-02	6.7515e-02	3.9853e-02
2456754.520833	2014	97	2014.2630708	1.333	0.712	1.000	9.7563e-02	6.3456e-02	8.5244e-02	9.3805e-02	4.1485e-02	5.6628e-02	3.3906e-02	7.8215e-02	4.0453e-02
2456754.562500	2014	97	2014.2631849	1.333	0.798	1.000	1.2476e-01	7.0529e-02	9.6222e-02	1.2097e-01	4.9334e-02	6.3378e-02	3.6974e-02	8.8849e-02	4.3534e-02
2456754.604166	2014	97	2014.2632991	1.333	0.713	1.000	1.0265e-01	9.2803e-02	9.1310e-02	9.9314e-02	4.7246e-02	8.5977e-02	4.1337e-02	8.4316e-02	3.8085e-02
2456754.645833	2014	97	2014.2634132	1.333	0.794	1.000	1.1548e-01	8.2956e-02	9.9184e-02	1.1257e-01	5.2052e-02	7.5598e-02	3.8251e-02	9.1885e-02	4.3483e-02
2456754.687500	2014	97	2014.2635274	1.333	0.715	1.000	1.0364e-01	7.1492e-02	9.4185e-02	1.0070e-01	4.5341e-02	6.4735e-02	3.3614e-02	8.7194e-02	3.8976e-02
2456754.729166	2014	97	2014.2636416	1.333	0.789	1.000	1.3968e-01	6.9563e-02	7.5274e-02	1.3622e-01	5.1817e-02	6.2219e-02	3.4479e-02	6.7687e-02	3.5867e-02
2456754.770833	2014	97	2014.2637557	1.333	0.717	1.000	1.0282e-01	6.5862e-02	6.3185e-02	1.0020e-01	4.5580e-02	5.9017e-02	3.3621e-02	5.6202e-02	3.3265e-02
2456754.812500	2014	97	2014.2638699	1.333	0.785	1.000	1.1941e-01	7.9646e-02	8.1216e-02	1.1686e-01	4.8894e-02	7.2362e-02	3.6268e-02	7.3776e-02	4.1710e-02
2456754.854166	2014	97	2014.2639840	1.333	0.719	1.000	1.2118e-01	8.4735e-02	7.7853e-02	1.1859e-01	4.9273e-02	7.8059e-02	3.7620e-02	7.0894e-02	3.9731e-02
2456754.895833	2014	97	2014.2640982	1.333	0.780	1.000	1.0790e-01	7.1401e-02	8.5129e-02	1.0461e-01	4.7967e-02	6.4280e-02	3.6931e-02	7.7825e-02	3.7202e-02
2456754.937500	2014	97	2014.2642123	1.333	0.721	1.000	9.3728e-02	7.8229e-02	7.1478e-02	9.0294e-02	4.6762e-02	7.1340e-02	3.6629e-02	6.4519e-02	3.4564e-02
2456754.979166	2014	97	2014.2643265	1.333	0.776	1.000	1.0088e-01	9.8489e-02	7.9032e-02	9.7359e-02	4.9674e-02	9.1300e-02	4.1092e-02	7.1524e-02	4.2616e-02
2456755.020833	2014	97	2014.2644406	1.333	0.724	1.000	1.1167e-01	6.8508e-02	6.2416e-02	1.0803e-01	4.6398e-02	6.1582e-02	3.6305e-02	5.4736e-02	3.7553e-02
2456755.062500	2014	97	2014.2645548	1.333	0.772	1.000	1.2768e-01	8.7230e-02	8.5335e-02	1.2448e-01	4.9188e-02	8.0006e-02	3.5832e-02	7.7972e-02	3.5825e-02
2456755.104166	2014	97	2014.2646689	1.333	0.726	1.000	1.1262e-01	7.6679e-02	7.4571e-02	1.0986e-01	4.4971e-02	6.9820e-02	3.6895e-02	6.7735e-02	3.9885e-02
2456755.145833	2014	97	2014.2647831	1.333	0.767	1.000	1.2406e-01	7.4878e-02	7.4333e-02	1.2133e-01	5.0307e-02	6.7843e-02	3.6916e-02	6.7102e-02	3.9679e-02
2456755.187500	2014	97	2014.2648973	1.333	0.729	1.000	1.1048e-01	9.0263e-02	9.2260e-02	1.0777e-01	4.7691e-02	8.3501e-02	3.8861e-02	8.5291e-02	3.8943e-02
2456755.229166	2014	97	2014.2650114	1.333	0.763	1.000	1.0620e-01	1.0048e-01	8.2667e-02	1.0354e-01	4.5816e-02	9.3351e-02	3.8933e-02	7.5509e-02	4.1307e-02
2456755.270833	2014	97	2014.2651256	1.333	0.732	1.000	1.1964e-01	8.2845e-02	7.0444e-02	1.1882e-01	4.9071e-02	7.5831e-02	3.5945e-02	6.3451e-02	3.4067e-02
2456755.312500	2014	97	2014.2652397	1.333	0.759	1.000	1.0775e-01	7.8897e-02	7.8279e-02	1.0625e-01	4.5228e-02	7.1932e-02	4.0607e-02	7.1031e-02	4.5820e-02
2456755.354166	2014	97	2014.2653539	1.333	0.735	1.000	9.2996e-02	7.9270e-02	7.4752e-02	9.1370e-02	4.7349e-02	7.2447e-02	3.8358e-02	6.7774e-02	3.8600e-02
2456755.395833	2014	97	2014.2654680	1.333	0.755	1.000	1.1533e-01	8.6584e-02	8.1477e-02	1.1316e-01	4.8350e-02	7.9723e-02	3.9796e-02	7.4270e-02	3.8656e-02
2456755.437500	2014	97	2014.2655822	1.333	0.738	1.000	1.1390e-01	7.7875e-02	7.6603e-02	1.1150e-01	4.7374e-02	7.0824e-02	3.5852e-02	6.9657e-02	3.8319e-02
2456755.479166	2014	97	2014.2656963	1.333	0.751	1.000	1.2216e-01	9.4745e-02	6.4052e-02	1.2000e-01	4.9044e-02	8.7818e-02	3.9802e-02	5.6877e-02	3.5598e-02
2456755.520833	2014	98	2014.2658105	1.333	0.742	1.000	1.1187e-01	9.0321e-02	9.4091e-02	1.0899e-01	4.9815e-02	8.3527e-02	3.8089e-02	8.7098e-02	3.9390e-02
2456755.562500	2014	98	2014.2659247	1.333	0.747	1.000	1.0044e-01	8.1523e-02	7.2729e-02	9.7748e-02	4.5151e-02	7.4464e-02	3.7353e-02	6.5617e-02	3.8518e-02
2456755.604166	2014	98	2014.2660388	1.333	0.745	1.000	1.1614e-01	7.6453e-02	7.2833e-02	1.1307e-01	4.3967e-02	6.9481e-02	3.1592e-02	6.5751e-02	3.8161e-02
2456755.645833	2014	98	2014.2661530	1.333	0.744	1.000	1.1378e-01	6.7003e-02	8.3190e-02	1.1082e-01	4.6915e-02	5.9987e-02	3.4114e-02	7.6118e-02	3.9274e-02
2456755.687500	2014	98	2014.2662671	1.333	0.749	1.000	1.0592e-01	8.1804e-02	7.6017e-02	1.0301e-01	4.9059e-02	7.4933e-02	3.5719e-02	6.8786e-02	4.0143e-02
2456755.729166	2014	98	2014.2663813	1.333	0.740	1.000	1.1432e-01	8.8850e-02	6.9791e-02	1.1130e-01	4.8108e-02	8.1975e-02	3.8051e-02	6.2685e-02	3.6772e-02
2456755.770833	2014	98	2014.2664954	1.333	0.753	1.000	1.0828e-01	8.4287e-02	9.1337e-02	1.0568e-01	4.5932e-02	7.7361e-02	3.6429e-02	8.4134e-02	3.8812e-02
2456755.812500	2014	98	2014.2666096	1.333	0.737	1.000	1.0337e-01	6.6405e-02	7.5850e-02	9.9821e-02	4.5926e-02	5.9498e-02	3.5396e-02	6.8543e-02	4.0622e-02
2456755.854166	2014	98	2014.2667237	1.333	0.757	1.000	1.1585e-01	8.2881e-02	8.5219e-02	1.1258e-01	4.7221e-02	7.6117e-02	3.5492e-02	7.8044e-02	3.7111e-02
2456755.895833	2014	98	2014.2668379	1.333	0.734	1.000	1.0447e-01	7.1996e-02	7.7327e-02	1.0037e-01	4.1006e-02	6.5132e-02	3.6184e-02	7.0153e-02	3.8220e-02
2456755.937500	2014	98	2014.2669521	1.333	0.761	1.000	9.6749e-02	6.7367e-02	7.5687e-02	9.2725e-02	4.2298e-02	6.0382e-02	3.6608e-02	6.8365e-02	3.5270e-02
2456755.979166	2014	98	2014.2670662	1.333	0.731	1.000	1.0033e-01	7.7508e-02	8.6509e-02	9.6385e-02	4.4103e-02	7.0711e-02	3.6904e-02	7.9407e-02	3.6900e-02
2456756.020833	2014	98	2014.2671804	1.333	0.765	1.000	9.7181e-02	8.5061e-02	8.4289e-02	9.3679e-02	4.4185e-02	7.8152e-02	3.4639e-02	7.7045e-02	4.3147e-02
2456756.062500	2014	98	2014.2672945	1.333	0.728	1.000	9.2616e-02	8.3592e-02	9.0452e-02	8.8201e-02	4.4472e-02	7.6598e-02	3.7549e-02	8.3116e-02	3.9335e-02
2456756.145833	2014	98	2014.2675228	1.333	0.725	1.000	8.1987e-02	7.8047e-02	7.3031e-02	7.7697e-02	4.2196e-02	7.1148e-02	3.3442e-02	6.5929e-02	3.6347e-02
2456756.312500	2014	98	2014.2679795	1.333	0.720	1.000	1.0800e-01	6.7374e-02	8.1829e-02	1.0362e-01	4.4875e-02	6.0491e-02	3.4714e-02	7.4795e-02	3.8276e-02
2456766.062500	2014	108	2014.2946918	1.333	0.734	1.000	9.0653e-02	7.2076e-02	1.0255e-01	8.0971e-02	4.5967e-02	6.3512e-02	4.1542e-02	9.3639e-02	4.6741e-02
2456766.104166	2014	108	2014.2948059	1.333	0.758	1.000	7.1694e-01	3.3287e-01	3.9308e-01	5.8585e-01	4.1947e-01	2.9542e-01	1.4914e-01	3.5084e-01	1.7523e-01
2456766.145833	2014	108	2014.2949201	1.333	0.737	1.000	1.0651e+00	3.9228e-01	5.1790e-01	1.0015e+00	5.1621e-01	3.5412e-01	1.7539e-01	4.7418e-01	2.1339e-01
2456766.187500	2014	108	2014.2950342	1.333	0.755	1.000	1.3725e+00	3.2505e-01	4.5773e-01	1.3659e+00	6.3291e-01	2.9300e-01	1.3777e-01	4.2480e-01	1.7521e-01
2456766.229166	2014	108	2014.2951484	1.333	0.739	1.000	1.0133e+00	2.4292e-01	5.0658e-01	1.0199e+00	4.6357e-01	2.1653e-01	1.1283e-01	3.9690e-01	2.8145e-01
2456766.270833	2014	108	2014.2952626	1.333	0.752	1.000	1.9694e+00	2.8175e-01	6.5847e-01	2.0335e+00	8.6369e-01	2.5262e-01	1.2511e-01	5.1963e-01	3.5325e-01
2456766.312500	2014	108	2014.2953767	1.333	0.742	1.000	1.9825e+00	3.0270e-01	5.0733e-01	2.0326e+00	8.5291e-01	2.7381e-01	1.3149e-01	4.7547e-01	1.8752e-01
2456766.354166	2014	108	2014.2954909	1.333	0.748	1.000	2.6490e+00	2.8576e-01	6.3110e-01	2.7584e+00	1.1340e+00	2.5769e-01	1.2296e-01	5.6597e-01	2.5203e-01
2456766.395833	2014	108	2014.2956050	1.333	0.745	1.000	1.7934e+00	2.7305e-01	5.2289e-01	1.8249e+00	7.6395e-01	2.4622e-01	1.1528e-01	4.6448e-01	2.3173e-01
2456766.437500	2014	108	2014.2957192	1.333	0.745	1.000	2.4892e+00	2.7611e-01	4.9059e-01	2.6108e+00	1.0600e+00	2.5029e-01	1.2193e-01	4.6433e-01	1.7798e-01
2456766.479166	2014	108	2014.2958333	1.333	0.748	1.000	2.4234e+00	2.6814e-01	5.1253e-01	2.5559e+00	9.8460e-01	2.4363e-01	1.1373e-01	4.8912e-01	1.6876e-01
2456766.520833	2014	109	2014.2959475	1.333	0.742	1.000	3.8384e+00	2.6635e-01	5.6825e-01	4.1731e+00	1.5098e+00	2.4215e-01	1.1554e-01	5.4638e-01	1.8236e-01
2456766.562500	2014	109	2014.2960616	1.333	0.751	1.000	2.9075e+00	2.2174e-01	5.0841e-01	3.1295e+00	1.1270e+00	2.0007e-01	9.8408e-02	4.8967e-01	1.6093e-01
2456766.604166	2014	109	2014.2961758	1.333	0.739	1.000	3.0504e+00	2.3648e-01	5.1693e-01	3.2984e+00	1.1915e+00	2.1456e-01	1.0365e-01	4.9709e-01	1.6201e-01
2456766.645833	2014	109	2014.2962900	1.333	0.754	1.000	3.0898e+00	2.3196e-01	5.2196e-01	3.3534e+00	1.1830e+00	2.1145e-01	9.3159e-02	5.0544e-01	1.5588e-01
2456766.687500	2014	109	2014.2964041	1.333	0.737	1.000	3.1602e+00	1.9523e-01	7.3560e-01	3.4720e+00	1.1980e+00	1.7679e-01	8.2883e-02	5.9353e-01	3.6220e-01
2456766.729166	2014	109	2014.2965183	1.333	0.758	1.000	2.9775e+00	2.0649e-01	4.8190e-01	3.2758e+00	1.0984e+00	1.8881e-01	8.6052e-02	4.5448e-01	1.6046e-01
2456766.770833	2014	109	2014.2966324	1.333	0.734	1.000	2.7594e+00	1.6958e-01	4.1769e-01	3.0572e+00	1.0135e+00	1.5244e-01	7.6640e-02	4.0168e-01	1.2908e-01
2456766.812500	2014	109	2014.2967466	1.333	0.761	1.000	2.8310e+00	1.6791e-01	4.1712e-01	3.1490e+00	1.0377e+00	1.5139e-01	7.9310e-02	4.0569e-01	1.2304e-01
2456766.854166	2014	109	2014.2968607	1.333	0.732	1.000	2.5214e+00	1.6028e-01	3.9095e-01	2.8241e+00	8.8657e-01	1.4513e-01	7.1492e-02	3.7580e-01	1.1775e-01
2456766.895833	2014	109	2014.2969749	1.333	0.765	1.000	2.6535e+00	1.6621e-01	3.6117e-01	3.0010e+00	9.4422e-01	1.5168e-01	6.8345e-02	3.5104e-01	1.0029e-01
2456766.937500	2014	109	2014.2970890	1.333	0.729	1.000	2.1544e+00	1.4231e-01	3.1365e-01	2.4306e+00	7.5267e-01	1.2863e-01	6.4115e-02	3.0151e-01	1.0079e-01
2456766.979166	2014	109	2014.2972032	1.333	0.768	1.000	1.8046e+00	1.2955e-01	2.7589e-01	2.0205e+00	6.4343e-01	1.1664e-01	6.5745e-02	2.6683e-01	9.2310e-02
2456767.020833	2014	109	2014.2973174	1.333	0.727	1.000	1.4871e+00	1.0694e-01	2.3609e-01	1.6770e+00	5.2465e-01	9.5642e-02	4.9867e-02	2.2285e-01	8.3006e-02
2456767.062500	2014	109	2014.2974315	1.333	0.771	1.000	1.4065e+00	1.2996e-01	2.2464e-01	1.5788e+00	4.8564e-01	1.1896e-01	5.5311e-02	2.1589e-01	7.5235e-02
2456767.104166	2014	109	2014.2975457	1.333	0.725	1.000	1.5419e+00	1.1344e-01	2.3240e-01	1.7526e+00	5.1328e-01	1.0253e-01	5.1816e-02	2.2185e-01	7.1996e-02
2456767.145833	2014	109	2014.2976598	1.333	0.775	1.000	1.4900e+00	1.3027e-01	2.1707e-01	1.6948e+00	5.1241e-01	1.1955e-01	5.2357e-02	2.0919e-01	6.7302e-02
2456767.187500	2014	109	2014.2977740	1.333	0.724	1.000	1.3050e+00	1.1738e-01	2.1607e-01	1.4863e+00	4.4820e-01	1.0668e-01	4.9257e-02	2.0513e-01	7.4036e-02
2456767.229166	2014	109	2014.2978881	1.333	0.778	1.000	1.0224e+00	1.1558e-01	4.1496e-01	1.1455e+00	3.4939e-01	1.0473e-01	5.3594e-02	2.5914e-01	2.9943e-01
2456767.270833	2014	109	2014.2980023	1.333	0.722	1.000	1.2051e+00	9.4327e-02	2.0576e-01	1.3797e+00	4.0039e-01	8.4662e-02	4.5993e-02	1.9612e-01	6.2635e-02
2456767.312500	2014	109	2014.2981164	1.333	0.780	1.000	1.1783e+00	1.0841e-01	1.8279e-01	1.3513e+00	3.8600e-01	9.8730e-02	5.2656e-02	1.7533e-01	6.0112e-02
2456767.354166	2014	109	2014.2982306	1.333	0.721	1.000	1.9636e+00	1.0017e-01	1.9012e-01	2.3315e+00	5.8914e-01	9.0520e-02	4.3114e-02	1.8106e-01	6.3761e-02
2456767.395833	2014	109	2014.2983447	1.333	0.783	1.000	1.5214e+00	1.0652e-01	1.8047e-01	1.7915e+00	4.7021e-01	9.6985e-02	5.1791e-02	1.7372e-01	6.1183e-02
2456767.437500	2014	109	2014.2984589	1.333	0.720	1.000	2.4552e+00	9.9971e-02	2.0948e-01	2.9690e+00	6.9357e-01	9.0522e-02	4.6673e-02	2.0165e-01	6.4894e-02
2456767.479166	2014	109	2014.2985731	1.333	0.785	1.000	1.6644e+00	1.1097e-01	1.7322e-01	1.9906e+00	4.8652e-01	1.0173e-01	4.4971e-02	1.6665e-01	5.7120e-02
2456767.520833	2014	110	2014.2986872	1.333	0.719	1.000	1.4347e+00	9.4457e-02	1.5390e-01	1.7043e+00	4.1579e-01	8.5624e-02	4.2456e-02	1.4568e-01	5.6938e-02
2456767.562500	2014	110	2014.2988014	1.333	0.787	1.000	1.1182e+00	9.8805e-02	1.4062e-01	1.3196e+00	3.4231e-01	9.0129e-02	4.5892e-02	1.3344e-01	5.3326e-02
2456767.604166	2014	110	2014.2989155	1.333	0.718	1.000	1.1489e+00	9.2405e-02	1.5713e-01	1.3771e+00	3.4391e-01	8.3947e-02	4.6646e-02	1.4904e-01	4.9551e-02
2456767.645833	2014	110	2014.2990297	1.333	0.789	1.000	1.2300e+00	8.3641e-02	1.3062e-01	1.4862e+00	3.6737e-01	7.5014e-02	4.3800e-02	1.2382e-01	4.7932e-02
2456767.687500	2014	110	2014.2991438	1.333	0.717	1.000	1.0767e+00	8.9043e-02	1.3648e-01	1.2970e+00	3.1742e-01	8.0707e-02	4.1096e-02	1.2845e-01	5.1525e-02
2456767.729166	2014	110	2014.2992580	1.333	0.791	1.000	8.6347e-01	9.6069e-02	1.3365e-01	1.0303e+00	2.7030e-01	8.7619e-02	4.1972e-02	1.2595e-01	5.1994e-02
2456767.770833	2014	110	2014.2993721	1.333	0.716	1.000	7.4868e-01	9.1315e-02	1.2869e-01	8.9163e-01	2.3369e-01	8.3443e-02	4.4876e-02	1.2068e-01	5.2620e-02
2456767.812500	2014	110	2014.2994863	1.333	0.793	1.000	7.2505e-01	1.0149e-01	1.1452e-01	8.6342e-01	2.2427e-01	9.3289e-02	3.9410e-02	1.0750e-01	5.0122e-02
2456767.854166	2014	110	2014.2996005	1.333	0.716	1.000	6.3221e-01	8.6288e-02	1.2181e-01	7.5103e-01	2.0216e-01	7.8406e-02	4.1372e-02	1.1370e-01	4.7296e-02
2456767.895833	2014	110	2014.2997146	1.333	0.794	1.000	6.4663e-01	9.7317e-02	1.1254e-01	7.6462e-01	2.0251e-01	8.9147e-02	4.0699e-02	1.0565e-01	4.6721e-02
2456767.937500	2014	110	2014.2998288	1.333	0.715	1.000	6.7627e-01	1.0506e-01	1.1625e-01	8.1106e-01	2.1222e-01	9.7115e-02	3.8344e-02	1.0864e-01	4.7052e-02
2456767.979166	2014	110	2014.2999429	1.333	0.795	1.000	5.8659e-01	8.4633e-02	1.2089e-01	7.0377e-01	1.8448e-01	7.6844e-02	4.1394e-02	1.1378e-01	4.4772e-02
2456768.020833	2014	110	2014.3000571	1.333	0.715	1.000	2.9754e-01	7.6470e-02	9.5126e-02	3.2799e-01	1.0432e-01	6.9278e-02	3.4801e-02	8.7597e-02	4.2528e-02
2456768.062500	2014	110	2014.3001712	1.333	0.796	1.000	2.5461e-01	8.3305e-02	9.0970e-02	2.7842e-01	9.7990e-02	7.5815e-02	3.9882e-02	8.3475e-02	4.1700e-02
2456768.104166	2014	110	2014.3002854	1.333	0.715	1.000	2.3045e-01	7.9856e-02	1.0600e-01	2.4804e-01	9.3570e-02	7.2729e-02	4.1370e-02	9.8574e-02	4.4786e-02
2456768.145833	2014	110	2014.3003995	1.333	0.796	1.000	2.3671e-01	9.8799e-02	9.4856e-02	2.5437e-01	9.3696e-02	9.1359e-02	3.8928e-02	8.7130e-02	4.3876e-02
2456768.187500	2014	110	2014.3005137	1.333	0.714	1.000	2.2817e-01	9.3609e-02	8.5839e-02	2.4326e-01	8.6634e-02	8.6471e-02	3.8551e-02	7.8514e-02	4.0885e-02
2456768.229166	2014	110	2014.3006279	1.333	0.797	1.000	2.0059e-01	9.3539e-02	1.2545e-01	2.1102e-01	7.9584e-02	8.6029e-02	3.9098e-02	1.0058e-01	7.1353e-02
2456768.270833	2014	110	2014.3007420	1.333	0.714	1.000	1.8344e-01	7.4174e-02	8.9322e-02	1.9164e-01	7.5103e-02	6.7216e-02	3.6347e-02	8.2040e-02	4.0479e-02
2456768.312500	2014	110	2014.3008562	1.333	0.797	1.000	1.7363e-01	8.3651e-02	9.1483e-02	1.7880e-01	6.5471e-02	7.6389e-02	3.8260e-02	8.4155e-02	4.3323e-02
2456768.354166	2014	110	2014.3009703	1.333	0.714	1.000	1.2713e-01	8.3632e-02	7.6018e-02	1.2854e-01	5.7941e-02	7.6807e-02	3.5944e-02	6.8969e-02	3.6344e-02
2456768.395833	2014	110	2014.3010845	1.333	0.797	1.000	1.3884e-01	7.2686e-02	7.4779e-02	1.3925e-01	5.9290e-02	6.5414e-02	3.6334e-02	6.7424e-02	3.8311e-02
2456768.437500	2014	110	2014.3011986	1.333	0.714	1.000	1.3876e-01	8.1889e-02	8.5460e-02	1.3926e-01	5.7572e-02	7.5105e-02	3.5865e-02	7.5931e-02	4.1832e-02
2456768.479166	2014	110	2014.3013128	1.333	0.796	1.000	1.3311e-01	7.5232e-02	8.4781e-02	1.3341e-01	5.7377e-02	6.7924e-02	3.4225e-02	7.7558e-02	4.4278e-02
2456768.520833	2014	111	2014.3014269	1.333	0.715	1.000	1.1674e-01	8.5173e-02	9.4316e-02	1.1697e-01	5.0322e-02	7.8288e-02	3.3945e-02	8.7420e-02	4.0308e-02
2456768.562500	2014	111	2014.3015411	1.333	0.795	1.000	1.4206e-01	7.4144e-02	7.9361e-02	1.4148e-01	5.5370e-02	6.6888e-02	3.7748e-02	7.2213e-02	3.9427e-02
2456768.604166	2014	111	2014.3016553	1.333	0.715	1.000	1.2055e-01	8.2259e-02	6.6297e-02	1.1885e-01	5.2250e-02	7.5412e-02	3.9389e-02	5.9464e-02	3.6255e-02
2456768.645833	2014	111	2014.3017694	1.333	0.794	1.000	1.1019e-01	7.1819e-02	9.6024e-02	1.0865e-01	5.0236e-02	6.4669e-02	3.9234e-02	8.2962e-02	4.7502e-02
2456768.687500	2014	111	2014.3018836	1.333	0.716	1.000	1.2768e-01	8.1068e-02	7.5285e-02	1.2670e-01	5.3114e-02	7.4357e-02	3.7860e-02	6.8153e-02	3.6087e-02
2456768.729166	2014	111	2014.3019977	1.333	0.792	1.000	1.0998e-01	8.2026e-02	6.9786e-02	1.1007e-01	5.4110e-02	7.4773e-02	3.9518e-02	6.2568e-02	3.7326e-02
2456768.770833	2014	111	2014.3021119	1.333	0.716	1.000	1.2380e-01	7.9648e-02	7.3087e-02	1.2296e-01	5.5861e-02	7.2889e-02	3.7606e-02	6.5991e-02	3.7992e-02
2456768.812500	2014	111	2014.3022260	1.333	0.790	1.000	1.1517e-01	8.4339e-02	7.3778e-02	1.1232e-01	5.4888e-02	7.7254e-02	3.5057e-02	6.6504e-02	3.9776e-02
2456768.854166	2014	111	2014.3023402	1.333	0.717	1.000	1.0463e-01	6.9965e-02	7.6376e-02	1.0000e-01	4.7755e-02	6.3583e-02	3.6176e-02	6.9498e-02	3.6980e-02
2456768.895833	2014	111	2014.3024543	1.333	0.788	1.000	1.0204e-01	8.9162e-02	7.5293e-02	9.6396e-02	4.7223e-02	8.2153e-02	3.8599e-02	6.8076e-02	3.7696e-02
2456768.937500	2014	111	2014.3025685	1.333	0.718	1.000	8.5204e-02	8.4321e-02	7.2956e-02	7.9593e-02	4.1293e-02	7.7674e-02	3.8531e-02	6.6136e-02	3.5146e-02
2456768.979166	2014	111	2014.3026826	1.333	0.785	1.000	8.8810e-02	7.9697e-02	1.0050e-01	8.3083e-02	3.9565e-02	7.2763e-02	3.5115e-02	9.1853e-02	4.6198e-02
2456769.020833	2014	111	2014.3027968	1.333	0.720	1.000	1.1606e-01	7.4126e-02	6.8956e-02	1.1035e-01	4.3531e-02	6.7445e-02	3.5304e-02	6.2208e-02	3.4753e-02
2456769.062500	2014	111	2014.3029110	1.333	0.783	1.000	8.9992e-02	6.7262e-02	8.8806e-02	8.4117e-02	4.4530e-02	6.0331e-02	3.8171e-02	8.1659e-02	4.0446e-02
2456769.104166	2014	111	2014.3030251	1.333	0.721	1.000	9.4784e-02	7.6372e-02	6.9170e-02	8.9196e-02	4.6108e-02	6.9718e-02	3.5355e-02	6.2249e-02	3.5409e-02
2456769.145833	2014	111	2014.3031393	1.333	0.780	1.000	9.8437e-02	7.2745e-02	8.1770e-02	9.2637e-02	5.1149e-02	6.5847e-02	3.6876e-02	7.4374e-02	3.9260e-02
2456769.187500	2014	111	2014.3032534	1.333	0.723	1.000	8.8674e-02	8.2137e-02	7.6251e-02	8.3478e-02	4.1367e-02	7.5478e-02	3.2175e-02	6.9250e-02	3.5798e-02
2456769.229166	2014	111	2014.3033676	1.333	0.776	1.000	7.5847e-02	7.8380e-02	8.9708e-02	7.0121e-02	4.4157e-02	7.1460e-02	3.5853e-02	8.2566e-02	3.8370e-02
2456769.270833	2014	111	2014.3034817	1.333	0.725	1.000	8.3274e-02	6.8980e-02	8.2714e-02	7.7711e-02	3.8029e-02	6.2198e-02	3.8859e-02	7.5807e-02	4.2263e-02
2456769.354166	2014	111	2014.3037100	1.333	0.727	1.000	1.0233e-01	7.3996e-02	7.5691e-02	9.6686e-02	4.1337e-02	6.7235e-02	3.5741e-02	6.8758e-02	3.7917e-02
2456769.395833	2014	111	2014.3038242	1.333	0.769	1.000	1.0126e-01	9.1841e-02	7.4884e-02	9.5575e-02	4.5029e-02	8.5029e-02	3.8245e-02	6.7816e-02	3.9604e-02
2456769.437500	2014	111	2014.3039384	1.333	0.729	1.000	9.5074e-02	7.1373e-02	9.0216e-02	8.9701e-02	4.0759e-02	6.4588e-02	3.2603e-02	8.3397e-02	3.7057e-02
2456769.479166	2014	111	2014.3040525	1.333	0.765	1.000	9.0621e-02	8.0309e-02	7.2645e-02	8.4954e-02	4.3813e-02	7.3482e-02	3.7419e-02	6.5582e-02	3.8688e-02
2456769.520833	2014	112	2014.3041667	1.333	0.731	1.000	7.8083e-02	8.2726e-02	7.3974e-02	7.2789e-02	4.2481e-02	7.6108e-02	3.8280e-02	6.7024e-02	3.5094e-02
2456769.562500	2014	112	2014.3042808	1.333	0.762	1.000	9.1449e-02	9.3997e-02	6.4917e-02	8.5975e-02	4.5885e-02	8.6922e-02	3.9939e-02	5.7782e-02	3.5096e-02
2456769.604166	2014	112	2014.3043950	1.333	0.734	1.000	8.8316e-02	8.8515e-02	6.8365e-02	8.3083e-02	4.2524e-02	8.1602e-02	3.9445e-02	6.1387e-02	4.0831e-02
2456769.645833	2014	112	2014.3045091	1.333	0.758	1.000	8.6360e-02	7.0068e-02	8.0301e-02	8.0877e-02	4.2053e-02	6.3267e-02	3.4155e-02	7.3234e-02	3.5727e-02
2456769.687500	2014	112	2014.3046233	1.333	0.737	1.000	9.5697e-02	6.9589e-02	7.7183e-02	9.0262e-02	4.2738e-02	6.2954e-02	3.1145e-02	7.0112e-02	3.9524e-02
2456769.729166	2014	112	2014.3047374	1.333	0.755	1.000	1.0188e-01	8.0655e-02	8.5928e-02	9.6048e-02	4.2266e-02	7.3641e-02	3.6552e-02	7.8896e-02	4.1873e-02
2456770.187500	2014	112	2014.3059932	1.333	0.755	1.000	8.7126e-02	7.9388e-02	6.4913e-02	8.1223e-02	4.1588e-02	7.2555e-02	3.6482e-02	5.7968e-02	3.7825e-02
2456770.229166	2014	112	2014.3061073	1.333	0.736	1.000	8.2449e-02	7.2339e-02	8.7203e-02	7.6498e-02	4.3613e-02	6.5495e-02	3.6079e-02	8.0313e-02	4.0983e-02
2456770.270833	2014	112	2014.3062215	1.333	0.759	1.000	8.6769e-02	7.7811e-02	6.4253e-02	8.0711e-02	4.1321e-02	7.0869e-02	3.6649e-02	5.7136e-02	3.5876e-02
2456770.312500	2014	112	2014.3063356	1.333	0.734	1.000	9.1735e-02	7.3748e-02	8.2507e-02	8.5617e-02	4.1958e-02	6.7019e-02	3.5270e-02	7.5544e-02	3.6266e-02
2456770.354166	2014	112	2014.3064498	1.333	0.762	1.000	8.4463e-02	7.4812e-02	8.0586e-02	7.8224e-02	4.1372e-02	6.7930e-02	3.4894e-02	7.3398e-02	3.7029e-02
2456770.395833	2014	112	2014.3065639	1.333	0.731	1.000	9.0245e-02	8.9803e-02	7.9086e-02	8.4080e-02	3.9374e-02	8.3086e-02	3.4539e-02	7.2198e-02	4.5042e-02
2456770.437500	2014	112	2014.3066781	1.333	0.766	1.000	8.3680e-02	7.0421e-02	8.4828e-02	7.7458e-02	4.0377e-02	6.3508e-02	3.4600e-02	7.7696e-02	3.4976e-02
2456770.479166	2014	112	2014.3067922	1.333	0.729	1.000	8.1036e-02	6.3415e-02	7.2418e-02	7.5100e-02	4.1156e-02	5.6699e-02	3.2488e-02	6.5389e-02	3.7441e-02
2456770.562500	2014	113	2014.3070205	1.333	0.727	1.000	8.4353e-02	7.8786e-02	7.4277e-02	7.8144e-02	4.2551e-02	7.2012e-02	3.6389e-02	6.7224e-02	3.4590e-02
2456770.645833	2014	113	2014.3072489	1.333	0.725	1.000	7.6732e-02	7.6434e-02	8.1771e-02	7.0801e-02	4.1096e-02	6.9660e-02	3.3890e-02	7.4967e-02	4.0937e-02
2456770.687500	2014	113	2014.3073630	1.333	0.776	1.000	9.3809e-02	7.1802e-02	8.0550e-02	8.7161e-02	4.2093e-02	6.4746e-02	3.6205e-02	7.3318e-02	3.7946e-02
2456770.729166	2014	113	2014.3074772	1.333	0.723	1.000	9.6292e-02	9.4851e-02	7.1488e-02	9.0087e-02	3.8258e-02	8.8101e-02	3.8902e-02	6.4489e-02	3.5568e-02
2456772.604166	2014	115	2014.3126142	1.333	0.789	1.000	1.0102e-01	8.8042e-02	8.1004e-02	9.4072e-02	4.5686e-02	8.0726e-02	3.9725e-02	7.3763e-02	3.7265e-02
2456772.645833	2014	115	2014.3127283	1.333	0.718	1.000	9.4356e-02	8.8574e-02	8.1598e-02	8.8410e-02	4.1806e-02	8.1844e-02	3.4980e-02	7.4532e-02	3.8841e-02
2456772.687500	2014	115	2014.3128425	1.333	0.785	1.000	8.8440e-02	7.5353e-02	8.2555e-02	8.2389e-02	4.0571e-02	6.8165e-02	3.7572e-02	7.5086e-02	4.0381e-02
2456772.729166	2014	115	2014.3129566	1.333	0.719	1.000	8.0227e-02	7.2478e-02	7.2793e-02	7.4101e-02	4.6481e-02	6.5671e-02	3.8388e-02	6.5654e-02	3.7772e-02
2456772.770833	2014	115	2014.3130708	1.333	0.782	1.000	8.1728e-02	7.6875e-02	8.7163e-02	7.5428e-02	3.7580e-02	6.9702e-02	3.9695e-02	7.9863e-02	3.7657e-02
2456772.812500	2014	115	2014.3131849	1.333	0.721	1.000	7.1454e-02	7.6262e-02	6.1413e-02	6.5478e-02	3.5929e-02	6.9516e-02	3.5457e-02	5.4380e-02	3.5290e-02
2456772.854166	2014	115	2014.3132991	1.333	0.778	1.000	7.6597e-02	7.2877e-02	7.8288e-02	7.0278e-02	3.8443e-02	6.5791e-02	3.8797e-02	7.0975e-02	3.8569e-02
2456772.895833	2014	115	2014.3134132	1.333	0.723	1.000	8.1710e-02	7.2445e-02	9.2694e-02	7.5632e-02	4.0856e-02	6.5647e-02	3.5101e-02	8.5670e-02	3.7298e-02
2456772.937500	2014	115	2014.3135274	1.333	0.774	1.000	9.1699e-02	6.6689e-02	8.0692e-02	8.5333e-02	4.3084e-02	5.9537e-02	3.8661e-02	7.3398e-02	3.8438e-02
2456772.979166	2014	115	2014.3136416	1.333	0.726	1.000	7.0251e-02	8.1724e-02	7.8852e-02	6.4016e-02	4.2720e-02	7.4745e-02	3.5358e-02	7.1797e-02	3.5180e-02
2456785.312500	2014	127	2014.3474315	1.333	0.726	1.000	1.0634e-01	9.8135e-02	9.3307e-02	9.8433e-02	5.0896e-02	9.0910e-02	4.3063e-02	8.5697e-02	4.3452e-02
2456785.354166	2014	127	2014.3475457	1.333	0.773	1.000	1.2078e-01	9.5518e-02	7.4905e-02	1.1303e-01	5.3254e-02	8.7852e-02	4.6188e-02	6.7003e-02	3.5704e-02
2456785.395833	2014	127	2014.3476598	1.333	0.724	1.000	1.5426e-01	9.0271e-02	8.4457e-02	1.4899e-01	7.1540e-02	8.2990e-02	3.8049e-02	7.6669e-02	3.9388e-02
2456785.437500	2014	127	2014.3477740	1.333	0.777	1.000	1.4633e-01	8.1613e-02	1.0601e-01	1.4106e-01	6.2879e-02	7.3874e-02	3.8233e-02	9.8135e-02	4.5521e-02
2456785.479166	2014	127	2014.3478881	1.333	0.722	1.000	1.1463e-01	7.6475e-02	9.7285e-02	1.0862e-01	5.0474e-02	6.9320e-02	3.5730e-02	8.9847e-02	4.2174e-02
2456785.520833	2014	128	2014.3480023	1.333	0.781	1.000	1.0932e-01	7.2575e-02	8.6072e-02	1.0323e-01	5.1394e-02	6.4921e-02	4.0710e-02	7.8356e-02	4.2167e-02
2456785.562500	2014	128	2014.3481164	1.333	0.720	1.000	1.1755e-01	9.9947e-02	1.0077e-01	1.1338e-01	5.7069e-02	9.2705e-02	4.0769e-02	9.3285e-02	4.2877e-02
2456785.604166	2014	128	2014.3482306	1.333	0.784	1.000	1.1033e-01	9.3057e-02	8.9160e-02	1.0349e-01	5.3677e-02	8.5612e-02	4.2325e-02	8.1332e-02	3.9308e-02
2456785.645833	2014	128	2014.3483447	1.333	0.718	1.000	1.0784e-01	9.1135e-02	9.2466e-02	1.0217e-01	4.9959e-02	8.3967e-02	3.8007e-02	8.5132e-02	4.0862e-02
2456785.687500	2014	128	2014.3484589	1.333	0.788	1.000	1.1824e-01	8.9715e-02	7.0830e-02	1.1250e-01	5.5317e-02	8.2067e-02	3.8224e-02	6.3198e-02	4.0033e-02
2456785.729166	2014	128	2014.3485731	1.333	0.717	1.000	1.0846e-01	7.1055e-02	8.0868e-02	1.0300e-01	4.8985e-02	6.3913e-02	3.8668e-02	7.3368e-02	4.0939e-02
2456785.770833	2014	128	2014.3486872	1.333	0.791	1.000	1.2137e-01	7.5768e-02	9.7548e-02	1.1558e-01	4.8140e-02	6.8064e-02	3.7467e-02	8.9734e-02	4.2993e-02
2456785.812500	2014	128	2014.3488014	1.333	0.716	1.000	9.8591e-02	7.6418e-02	8.6925e-02	9.3011e-02	4.8609e-02	6.9093e-02	4.2321e-02	7.9747e-02	4.4273e-02
2456785.854166	2014	128	2014.3489155	1.333	0.795	1.000	1.1653e-01	1.0789e-01	9.4745e-02	1.1089e-01	4.9562e-02	1.0044e-01	4.3157e-02	8.6948e-02	4.3294e-02
2456785.895833	2014	128	2014.3490297	1.333	0.714	1.000	1.0222e-01	8.5223e-02	8.3591e-02	9.6878e-02	4.9040e-02	7.8116e-02	3.6920e-02	7.4886e-02	4.4581e-02
2456785.937500	2014	128	2014.3491438	1.333	0.797	1.000	9.7115e-02	8.9602e-02	9.5728e-02	9.0836e-02	5.0271e-02	8.1912e-02	3.6478e-02	8.4250e-02	5.3315e-02
2456785.979166	2014	128	2014.3492580	1.333	0.713	1.000	1.2316e-01	7.5813e-02	7.8104e-02	1.1834e-01	4.8076e-02	6.8495e-02	3.7265e-02	7.0754e-02	3.9871e-02
2456786.020833	2014	128	2014.3493721	1.333	0.800	1.000	1.1326e-01	9.3322e-02	8.6080e-02	1.0790e-01	5.0686e-02	8.5555e-02	4.1524e-02	7.8076e-02	4.2015e-02
2456786.062500	2014	128	2014.3494863	1.333	0.712	1.000	1.0423e-01	8.3287e-02	9.6378e-02	9.8950e-02	4.6938e-02	7.6099e-02	4.2911e-02	8.7317e-02	4.6469e-02
2456786.104166	2014	128	2014.3496005	1.333	0.802	1.000	1.0048e-01	8.0878e-02	9.5737e-02	9.4226e-02	4.3193e-02	7.3242e-02	4.2789e-02	8.4469e-02	5.6616e-02
2456786.145833	2014	128	2014.3497146	1.333	0.712	1.000	1.1108e-01	7.9200e-02	8.6774e-02	1.0649e-01	4.9234e-02	7.2133e-02	3.8148e-02	7.9500e-02	4.0720e-02
2456786.187500	2014	128	2014.3498288	1.333	0.804	1.000	1.1449e-01	7.0631e-02	7.9347e-02	1.0902e-01	5.0520e-02	6.2723e-02	3.8975e-02	7.1435e-02	4.3831e-02
2456786.229166	2014	128	2014.3499429	1.333	0.711	1.000	1.1564e-01	8.5609e-02	8.0202e-02	1.1084e-01	4.7929e-02	7.8547e-02	3.9495e-02	7.2854e-02	3.9121e-02
2456786.270833	2014	128	2014.3500571	1.333	0.805	1.000	1.1187e-01	8.9328e-02	1.0215e-01	1.0640e-01	4.4960e-02	8.1579e-02	4.0880e-02	9.4132e-02	4.3313e-02
2456786.312500	2014	128	2014.3501712	1.333	0.711	1.000	1.0752e-01	8.3734e-02	7.2212e-02	1.0221e-01	4.9392e-02	7.6503e-02	3.7285e-02	6.4886e-02	3.8036e-02
2456786.354166	2014	128	2014.3502854	1.333	0.806	1.000	9.5971e-02	1.0176e-01	7.8865e-02	8.9758e-02	4.7934e-02	9.4243e-02	4.1937e-02	7.0785e-02	4.4272e-02
2456786.395833	2014	128	2014.3503995	1.333	0.711	1.000	8.4330e-02	7.2045e-02	8.8334e-02	7.8522e-02	4.2241e-02	6.4954e-02	3.4115e-02	8.1058e-02	4.2736e-02
2456786.437500	2014	128	2014.3505137	1.333	0.806	1.000	9.8800e-02	8.4447e-02	9.0211e-02	9.2382e-02	4.2992e-02	7.6691e-02	4.0864e-02	8.2225e-02	3.9358e-02
2456786.479166	2014	128	2014.3506279	1.333	0.711	1.000	1.0598e-01	8.1522e-02	7.7682e-02	9.9607e-02	4.4081e-02	7.4342e-02	3.6938e-02	7.0344e-02	3.7981e-02
2456786.520833	2014	129	2014.3507420	1.333	0.806	1.000	1.0628e-01	7.3842e-02	8.8920e-02	9.9451e-02	4.8383e-02	6.6097e-02	3.6848e-02	8.1002e-02	4.1294e-02
2456786.562500	2014	129	2014.3508562	1.333	0.711	1.000	8.7895e-02	7.1033e-02	7.9400e-02	8.1703e-02	4.7379e-02	6.3909e-02	3.7280e-02	7.2067e-02	3.7477e-02
2456786.604166	2014	129	2014.3509703	1.333	0.806	1.000	9.5361e-02	7.1494e-02	8.7454e-02	8.8360e-02	4.4469e-02	6.3878e-02	3.7147e-02	7.9637e-02	4.1538e-02
2456786.645833	2014	129	2014.3510845	1.333	0.711	1.000	8.6068e-02	8.4766e-02	8.6821e-02	7.9584e-02	4.3016e-02	7.7646e-02	3.9246e-02	7.9583e-02	4.3874e-02
2456786.687500	2014	129	2014.3511986	1.333	0.805	1.000	1.0105e-01	1.0829e-01	8.7278e-02	9.3723e-02	4.6343e-02	1.0033e-01	4.3573e-02	7.9021e-02	4.0373e-02
2456786.729166	2014	129	2014.3513128	1.333	0.711	1.000	1.0327e-01	9.1957e-02	8.7990e-02	9.7262e-02	4.6965e-02	8.4580e-02	4.1553e-02	8.0269e-02	4.4522e-02
2456786.770833	2014	129	2014.3514269	1.333	0.803	1.000	1.0147e-01	7.5151e-02	9.6319e-02	9.5083e-02	4.6326e-02	6.7213e-02	3.8390e-02	8.7885e-02	4.8370e-02
2456786.812500	2014	129	2014.3515411	1.333	0.712	1.000	1.0063e-01	9.2946e-02	8.8484e-02	9.3786e-02	4.8339e-02	8.5272e-02	4.1428e-02	8.0424e-02	4.0565e-02
2456786.854166	2014	129	2014.3516553	1.333	0.801	1.000	1.1437e-01	8.6084e-02	9.6402e-02	1.0723e-01	5.4998e-02	7.7659e-02	3.9356e-02	8.7730e-02	4.6095e-02
2456786.895833	2014	129	2014.3517694	1.333	0.713	1.000	1.1234e-01	8.9789e-02	9.3878e-02	1.0536e-01	5.3496e-02	8.2043e-02	4.1589e-02	8.5873e-02	4.4446e-02
2456786.937500	2014	129	2014.3518836	1.333	0.799	1.000	1.0432e-01	1.1482e-01	9.6579e-02	9.6507e-02	5.0836e-02	1.0650e-01	4.0733e-02	8.8083e-02	4.5816e-02
2456786.979166	2014	129	2014.3519977	1.333	0.714	1.000	9.6803e-02	9.5304e-02	8.7155e-02	8.9523e-02	4.9520e-02	8.7737e-02	4.2073e-02	7.9227e-02	4.2411e-02
2456787.020833	2014	129	2014.3521119	1.333	0.796	1.000	9.7447e-02	9.9422e-02	9.8086e-02	8.9299e-02	4.6763e-02	9.0978e-02	4.6694e-02	8.9631e-02	4.3995e-02
2456787.062500	2014	129	2014.3522260	1.333	0.715	1.000	9.9019e-02	9.0358e-02	9.0021e-02	9.1461e-02	4.6723e-02	8.2670e-02	3.9307e-02	8.2035e-02	4.1850e-02
2456787.104166	2014	129	2014.3523402	1.333	0.793	1.000	1.0465e-01	9.3590e-02	9.6170e-02	9.6530e-02	4.9505e-02	8.5469e-02	4.2812e-02	8.7681e-02	4.6589e-02
2456787.145833	2014	129	2014.3524543	1.333	0.716	1.000	9.5354e-02	1.0193e-01	9.0992e-02	8.7776e-02	5.0119e-02	9.4415e-02	3.9974e-02	8.3331e-02	4.0104e-02
2456787.187500	2014	129	2014.3525685	1.333	0.790	1.000	1.1840e-01	1.0725e-01	9.4303e-02	1.1012e-01	5.3392e-02	9.9185e-02	4.3918e-02	8.5885e-02	4.1886e-02
2456787.229166	2014	129	2014.3526826	1.333	0.718	1.000	9.1252e-02	9.7327e-02	7.4359e-02	8.3848e-02	4.1836e-02	8.9679e-02	3.9386e-02	6.6487e-02	4.4912e-02
2456787.270833	2014	129	2014.3527968	1.333	0.786	1.000	1.1334e-01	9.0236e-02	9.8101e-02	1.0514e-01	5.4467e-02	8.2114e-02	4.3842e-02	8.9869e-02	4.3901e-02
2456787.312500	2014	129	2014.3529110	1.333	0.719	1.000	1.0039e-01	7.3892e-02	8.2367e-02	9.3020e-02	4.9195e-02	6.6253e-02	3.6900e-02	7.4443e-02	4.2274e-02
2456787.354166	2014	129	2014.3530251	1.333	0.783	1.000	1.0119e-01	1.0041e-01	8.5489e-02	9.3352e-02	5.2730e-02	9.2328e-02	4.4129e-02	7.7130e-02	3.9654e-02
2456787.395833	2014	129	2014.3531393	1.333	0.721	1.000	1.2294e-01	1.0789e-01	7.8427e-02	1.1541e-01	5.1826e-02	1.0047e-01	4.0064e-02	7.0598e-02	4.0441e-02
2456787.437500	2014	129	2014.3532534	1.333	0.779	1.000	1.0912e-01	9.1015e-02	7.7473e-02	1.0117e-01	5.2301e-02	8.2936e-02	4.0624e-02	6.9287e-02	4.1932e-02
2456787.479166	2014	129	2014.3533676	1.333	0.723	1.000	1.1205e-01	9.0910e-02	9.9233e-02	1.0500e-01	5.0531e-02	8.3365e-02	4.2725e-02	9.1400e-02	4.7279e-02
2456787.520833	2014	130	2014.3534817	1.333	0.775	1.000	1.1012e-01	1.1029e-01	9.1433e-02	1.0238e-01	5.2153e-02	1.0237e-01	4.4828e-02	8.3430e-02	4.5617e-02
2456787.562500	2014	130	2014.3535959	1.333	0.725	1.000	1.1006e-01	7.1258e-02	8.1240e-02	1.0295e-01	4.9806e-02	6.3849e-02	4.0826e-02	7.3585e-02	4.1196e-02
2456787.604166	2014	130	2014.3537100	1.333	0.772	1.000	1.0324e-01	7.8939e-02	9.8296e-02	9.5749e-02	4.7567e-02	7.1254e-02	3.8508e-02	9.0118e-02	3.7968e-02
2456787.645833	2014	130	2014.3538242	1.333	0.728	1.000	1.0471e-01	7.8427e-02	9.8624e-02	9.7492e-02	4.8280e-02	7.0879e-02	3.9767e-02	9.1000e-02	4.4437e-02
2456787.687500	2014	130	2014.3539384	1.333	0.768	1.000	1.2315e-01	7.6013e-02	1.0204e-01	1.1600e-01	5.3600e-02	6.8334e-02	3.5957e-02	9.4056e-02	4.5061e-02
2456787.729166	2014	130	2014.3540525	1.333	0.730	1.000	1.0273e-01	8.7830e-02	8.4059e-02	9.5631e-02	5.1001e-02	8.0428e-02	3.7695e-02	7.6249e-02	4.3204e-02
2456787.770833	2014	130	2014.3541667	1.333	0.764	1.000	1.1268e-01	8.3622e-02	7.6407e-02	1.0549e-01	5.0723e-02	7.5895e-02	3.9230e-02	6.8390e-02	3.8594e-02
2456787.812500	2014	130	2014.3542808	1.333	0.733	1.000	9.2869e-02	8.4066e-02	8.6103e-02	8.5949e-02	4.4572e-02	7.6602e-02	3.9971e-02	7.8186e-02	3.8555e-02
2456787.854166	2014	130	2014.3543950	1.333	0.760	1.000	1.0633e-01	9.2955e-02	9.1231e-02	9.9253e-02	4.8427e-02	8.5196e-02	4.0962e-02	8.3215e-02	4.0903e-02
2456787.895833	2014	130	2014.3545091	1.333	0.736	1.000	8.6522e-02	8.3750e-02	8.8187e-02	7.9583e-02	4.5991e-02	7.6204e-02	3.7283e-02	8.0408e-02	4.1661e-02
2456787.937500	2014	130	2014.3546233	1.333	0.757	1.000	1.0045e-01	9.1676e-02	8.6754e-02	9.3420e-02	4.6942e-02	8.4057e-02	4.0788e-02	7.8771e-02	4.0192e-02
2456787.979166	2014	130	2014.3547374	1.333	0.738	1.000	1.1112e-01	8.6344e-02	8.8101e-02	1.0391e-01	5.2032e-02	7.8943e-02	3.6998e-02	8.0558e-02	4.2390e-02
2456788.020833	2014	130	2014.3548516	1.333	0.753	1.000	9.6750e-02	8.9328e-02	8.3687e-02	8.9629e-02	4.5634e-02	8.1709e-02	4.2100e-02	7.5900e-02	4.2843e-02
2456788.062500	2014	130	2014.3549658	1.333	0.741	1.000	8.8324e-02	8.5149e-02	8.7470e-02	8.1143e-02	4.5964e-02	7.7702e-02	3.8347e-02	7.9623e-02	4.2457e-02
2456788.104166	2014	130	2014.3550799	1.333	0.750	1.000	1.0220e-01	9.1631e-02	8.6907e-02	9.5192e-02	5.0953e-02	8.3866e-02	4.1508e-02	7.9071e-02	4.4606e-02
2456788.145833	2014	130	2014.3551941	1.333	0.744	1.000	1.2534e-01	7.9125e-02	9.6150e-02	1.1813e-01	4.8302e-02	7.1692e-02	4.1540e-02	8.8375e-02	4.4296e-02
2456788.187500	2014	130	2014.3553082	1.333	0.747	1.000	1.0364e-01	7.2948e-02	9.4192e-02	9.6535e-02	4.7166e-02	6.5586e-02	3.9222e-02	8.6434e-02	4.1351e-02
2456788.229166	2014	130	2014.3554224	1.333	0.747	1.000	1.0838e-01	9.6506e-02	8.1310e-02	1.0109e-01	4.7012e-02	8.8895e-02	3.9081e-02	7.3418e-02	4.2950e-02
2456788.270833	2014	130	2014.3555365	1.333	0.744	1.000	9.6984e-02	9.4717e-02	9.2952e-02	8.9751e-02	4.5404e-02	8.7304e-02	4.3125e-02	8.5111e-02	4.3701e-02
2456788.312500	2014	130	2014.3556507	1.333	0.750	1.000	1.1163e-01	8.5568e-02	8.2641e-02	1.0460e-01	5.0513e-02	7.8137e-02	3.7368e-02	7.4892e-02	3.9584e-02
2456788.354166	2014	130	2014.3557648	1.333	0.741	1.000	8.9998e-02	9.7427e-02	7.6242e-02	8.2847e-02	4.7017e-02	8.9871e-02	4.0819e-02	6.8366e-02	4.1067e-02
2456788.395833	2014	130	2014.3558790	1.333	0.753	1.000	1.0269e-01	7.2424e-02	9.3844e-02	9.5396e-02	4.6925e-02	6.4820e-02	3.6404e-02	8.6005e-02	4.7141e-02
2456788.437500	2014	130	2014.3559932	1.333	0.739	1.000	1.0524e-01	8.6930e-02	9.3661e-02	9.7774e-02	4.7755e-02	7.9356e-02	3.6259e-02	8.5920e-02	4.0214e-02
2456788.479166	2014	130	2014.3561073	1.333	0.756	1.000	9.3606e-02	8.2587e-02	6.8153e-02	8.6424e-02	4.8383e-02	7.5245e-02	4.2913e-02	6.0410e-02	4.3185e-02
2456788.520833	2014	131	2014.3562215	1.333	0.736	1.000	1.0499e-01	7.8546e-02	7.5058e-02	9.8330e-02	4.5520e-02	7.1107e-02	3.6075e-02	6.7354e-02	4.2394e-02
2456788.562500	2014	131	2014.3563356	1.333	0.759	1.000	1.0847e-01	8.4483e-02	8.5479e-02	1.0150e-01	4.7873e-02	7.7038e-02	3.9226e-02	7.7742e-02	4.1301e-02
2456788.604166	2014	131	2014.3564498	1.333	0.734	1.000	8.4243e-02	7.0035e-02	9.9483e-02	7.7320e-02	4.2938e-02	6.2631e-02	3.9052e-02	9.1923e-02	4.7360e-02
2456788.645833	2014	131	2014.3565639	1.333	0.762	1.000	9.2803e-02	8.0063e-02	8.1660e-02	8.5816e-02	4.5197e-02	7.2342e-02	3.6503e-02	7.3996e-02	4.2728e-02
2456788.687500	2014	131	2014.3566781	1.333	0.732	1.000	9.5879e-02	8.4280e-02	7.7138e-02	8.8773e-02	4.7494e-02	7.6885e-02	4.0225e-02	6.9499e-02	3.7013e-02
2456788.729166	2014	131	2014.3567922	1.333	0.766	1.000	9.2843e-02	8.4502e-02	7.0254e-02	8.5534e-02	4.3976e-02	7.6971e-02	3.8888e-02	6.2388e-02	4.2501e-02
2456788.770833	2014	131	2014.3569064	1.333	0.730	1.000	9.1499e-02	9.6706e-02	8.2236e-02	8.4371e-02	4.4944e-02	8.9338e-02	3.8100e-02	7.4524e-02	3.7846e-02