
               FLARE INDEX CYCLE 23
            01 JAN 1996 - 31 DEC 2008
___________________________________________________
     TIME (DAY)            NORTH    SOUTH    TOTAL
===================================================
     01-Jan-96        1     0.00     0.00     0.00
     02-Jan-96        2     0.00     0.00     0.00
     03-Jan-96        3     3.58     0.00     3.58
     04-Jan-96        4     0.00     0.00     0.00
     05-Jan-96        5     1.55     0.22     1.77
     06-Jan-96        6     0.00     0.00     0.00
     07-Jan-96        7     0.00     0.00     0.00
     08-Jan-96        8     0.10     0.00     0.10
     09-Jan-96        9     0.00     0.00     0.00
     10-Jan-96       10     0.00     0.00     0.00
     11-Jan-96       11     0.00     0.00     0.00
     12-Jan-96       12     0.00     0.00     0.00
     13-Jan-96       13     0.00     0.00     0.00
     14-Jan-96       14     0.00     0.00     0.00
     15-Jan-96       15     0.00     0.00     0.00
     16-Jan-96       16     0.00     0.00     0.00
     17-Jan-96       17     0.00     0.00     0.00
     18-Jan-96       18     0.00     0.00     0.00
     19-Jan-96       19     0.00     0.00     0.00
     20-Jan-96       20     0.00     0.00     0.00
     21-Jan-96       21     0.00     0.00     0.00
     22-Jan-96       22     0.00     0.00     0.00
     23-Jan-96       23     0.00     0.00     0.00
     24-Jan-96       24     0.00     0.00     0.00
     25-Jan-96       25     0.00     0.00     0.00
     26-Jan-96       26     0.00     0.00     0.00
     27-Jan-96       27     0.00     0.00     0.00
     28-Jan-96       28     0.00     0.00     0.00
     29-Jan-96       29     0.00     0.00     0.00
     30-Jan-96       30     0.00     0.00     0.00
     31-Jan-96       31     0.28     0.00     0.28
     01-Feb-96       32     0.48     0.00     0.48
     02-Feb-96       33     0.55     0.00     0.55
     03-Feb-96       34     0.00     0.00     0.00
     04-Feb-96       35     0.00     0.00     0.00
     05-Feb-96       36     0.00     0.00     0.00
     06-Feb-96       37     0.00     0.00     0.00
     07-Feb-96       38     0.00     0.00     0.00
     08-Feb-96       39     0.00     0.00     0.00
     09-Feb-96       40     0.00     0.00     0.00
     10-Feb-96       41     0.00     0.00     0.00
     11-Feb-96       42     0.00     0.00     0.00
     12-Feb-96       43     0.00     0.00     0.00
     13-Feb-96       44     0.00     0.00     0.00
     14-Feb-96       45     0.00     0.00     0.00
     15-Feb-96       46     0.00     0.00     0.00
     16-Feb-96       47     0.00     0.00     0.00
     17-Feb-96       48     0.00     0.00     0.00
     18-Feb-96       49     0.00     0.00     0.00
     19-Feb-96       50     0.00     0.00     0.00
     20-Feb-96       51     0.00     0.00     0.00
     21-Feb-96       52     0.00     0.00     0.00
     22-Feb-96       53     0.00     0.00     0.00
     23-Feb-96       54     0.00     0.00     0.00
     24-Feb-96       55     0.00     0.00     0.00
     25-Feb-96       56     0.00     0.00     0.00
     26-Feb-96       57     0.00     0.00     0.00
     27-Feb-96       58     0.00     0.00     0.00
     28-Feb-96       59     0.00     0.00     0.00
     29-Feb-96       60     0.00     0.00     0.00
     01-Mar-96       61     0.00     0.00     0.00
     02-Mar-96       62     0.00     0.00     0.00
     03-Mar-96       63     0.00     0.00     0.00
     04-Mar-96       64     0.00     0.00     0.00
     05-Mar-96       65     0.00     0.00     0.00
     06-Mar-96       66     0.00     0.00     0.00
     07-Mar-96       67     0.00     0.00     0.00
     08-Mar-96       68     0.00     0.00     0.00
     09-Mar-96       69     0.00     0.00     0.00
     10-Mar-96       70     0.00     0.00     0.00
     11-Mar-96       71     0.00     4.04     4.04
     12-Mar-96       72     0.00     0.30     0.30
     13-Mar-96       73     0.00     0.00     0.00
     14-Mar-96       74     0.00     0.11     0.11
     15-Mar-96       75     0.00     0.00     0.00
     16-Mar-96       76     0.00     0.00     0.00
     17-Mar-96       77     0.00     0.00     0.00
     18-Mar-96       78     0.00     0.00     0.00
     19-Mar-96       79     0.00     0.00     0.00
     20-Mar-96       80     0.00     0.00     0.00
     21-Mar-96       81     0.00     0.00     0.00
     22-Mar-96       82     0.15     0.00     0.15
     23-Mar-96       83     0.64     0.00     0.64
     24-Mar-96       84     0.00     0.00     0.00
     25-Mar-96       85     0.00     0.00     0.00
     26-Mar-96       86     1.73     0.00     1.73
     27-Mar-96       87     0.00     0.00     0.00
     28-Mar-96       88     0.00     0.00     0.00
     29-Mar-96       89     0.00     0.00     0.00
     30-Mar-96       90     0.00     0.00     0.00
     31-Mar-96       91     0.00     0.00     0.00
     01-Apr-96       92     0.00     0.00     0.00
     02-Apr-96       93     0.00     0.00     0.00
     03-Apr-96       94     0.00     0.00     0.00
     04-Apr-96       95     0.00     0.48     0.48
     05-Apr-96       96     0.00     0.00     0.00
     06-Apr-96       97     0.00     0.00     0.00
     07-Apr-96       98     0.00     0.00     0.00
     08-Apr-96       99     0.00     0.00     0.00
     09-Apr-96      100     0.00     0.00     0.00
     10-Apr-96      101     0.00     0.00     0.00
     11-Apr-96      102     0.00     0.00     0.00
     12-Apr-96      103     0.00     0.00     0.00
     13-Apr-96      104     0.00     0.00     0.00
     14-Apr-96      105     0.00     0.00     0.00
     15-Apr-96      106     0.00     0.00     0.00
     16-Apr-96      107     0.00     0.00     0.00
     17-Apr-96      108     0.19     0.00     0.19
     18-Apr-96      109     0.00     0.00     0.00
     19-Apr-96      110     0.00     0.00     0.00
     20-Apr-96      111     0.66     0.07     0.73
     21-Apr-96      112     0.79     6.40     7.20
     22-Apr-96      113     0.00    11.48    11.48
     23-Apr-96      114     0.00     0.52     0.52
     24-Apr-96      115     0.00     0.00     0.00
     25-Apr-96      116     0.00     0.00     0.00
     26-Apr-96      117     0.00     1.35     1.35
     27-Apr-96      118     0.00     0.00     0.00
     28-Apr-96      119     0.00     0.00     0.00
     29-Apr-96      120     0.00     0.00     0.00
     30-Apr-96      121     0.00     0.00     0.00
     01-May-96      122     0.00     0.00     0.00
     02-May-96      123     0.00     0.00     0.00
     03-May-96      124     0.00     0.00     0.00
     04-May-96      125     0.00     0.00     0.00
     05-May-96      126     0.00     0.00     0.00
     06-May-96      127     0.00     0.00     0.00
     07-May-96      128     0.00     0.23     0.23
     08-May-96      129     0.00     3.19     3.19
     09-May-96      130     0.00     0.70     0.70
     10-May-96      131     0.00     0.30     0.30
     11-May-96      132     0.00     1.81     1.81
     12-May-96      133     0.00     0.90     0.90
     13-May-96      134     0.00     0.00     0.00
     14-May-96      135     0.00     0.51     0.51
     15-May-96      136     0.00     0.00     0.00
     16-May-96      137     0.00     0.00     0.00
     17-May-96      138     0.00     0.00     0.00
     18-May-96      139     0.00     0.17     0.17
     19-May-96      140     0.00     0.00     0.00
     20-May-96      141     0.00     0.00     0.00
     21-May-96      142     0.00     0.00     0.00
     22-May-96      143     0.00     0.00     0.00
     23-May-96      144     0.00     0.00     0.00
     24-May-96      145     0.00     0.00     0.00
     25-May-96      146     0.00     0.00     0.00
     26-May-96      147     0.00     0.00     0.00
     27-May-96      148     0.00     0.00     0.00
     28-May-96      149     0.00     0.00     0.00
     29-May-96      150     0.00     0.00     0.00
     30-May-96      151     0.00     0.00     0.00
     31-May-96      152     0.00     0.00     0.00
     01-Jun-96      153     0.00     0.00     0.00
     02-Jun-96      154     0.00     0.00     0.00
     03-Jun-96      155     0.00     0.00     0.00
     04-Jun-96      156     0.00     0.00     0.00
     05-Jun-96      157     1.12     0.00     1.12
     06-Jun-96      158     0.52     0.42     0.94
     07-Jun-96      159     1.51     0.00     1.51
     08-Jun-96      160     0.00     0.00     0.00
     09-Jun-96      161     0.55     0.64     1.19
     10-Jun-96      162     0.00     0.00     0.00
     11-Jun-96      163     0.46     0.00     0.46
     12-Jun-96      164     0.00     0.00     0.00
     13-Jun-96      165     0.00     0.00     0.00
     14-Jun-96      166     0.00     0.00     0.00
     15-Jun-96      167     0.00     0.00     0.00
     16-Jun-96      168     0.00     0.00     0.00
     17-Jun-96      169     0.00     0.00     0.00
     18-Jun-96      170     0.00     0.00     0.00
     19-Jun-96      171     0.00     0.00     0.00
     20-Jun-96      172     0.10     0.00     0.10
     21-Jun-96      173     0.00     0.00     0.00
     22-Jun-96      174     0.00     0.00     0.00
     23-Jun-96      175     0.22     0.00     0.22
     24-Jun-96      176     0.00     0.00     0.00
     25-Jun-96      177     0.00     0.00     0.00
     26-Jun-96      178     0.00     0.00     0.00
     27-Jun-96      179     2.39     0.00     2.39
     28-Jun-96      180     0.00     0.00     0.00
     29-Jun-96      181     0.00     0.00     0.00
     30-Jun-96      182     0.00     0.00     0.00
     01-Jul-96      183     0.00     0.00     0.00
     02-Jul-96      184     0.00     0.00     0.00
     03-Jul-96      185     0.00     0.00     0.00
     04-Jul-96      186     0.00     0.11     0.11
     05-Jul-96      187     0.00     0.00     0.00
     06-Jul-96      188     0.00     0.00     0.00
     07-Jul-96      189     0.00     1.36     1.36
     08-Jul-96      190     0.00     3.66     3.66
     09-Jul-96      191     0.00     9.28     9.28
     10-Jul-96      192     0.00     7.44     7.44
     11-Jul-96      193     0.00     3.11     3.11
     12-Jul-96      194     0.00     5.50     5.50
     13-Jul-96      195     0.00     0.00     0.00
     14-Jul-96      196     0.00     0.00     0.00
     15-Jul-96      197     0.00     0.00     0.00
     16-Jul-96      198     0.00     0.00     0.00
     17-Jul-96      199     0.00     0.00     0.00
     18-Jul-96      200     0.00     0.00     0.00
     19-Jul-96      201     0.00     0.00     0.00
     20-Jul-96      202     0.00     0.00     0.00
     21-Jul-96      203     0.00     0.00     0.00
     22-Jul-96      204     0.00     0.00     0.00
     23-Jul-96      205     0.00     0.00     0.00
     24-Jul-96      206     0.00     0.00     0.00
     25-Jul-96      207     0.00     0.00     0.00
     26-Jul-96      208     0.00     0.00     0.00
     27-Jul-96      209     0.00     0.00     0.00
     28-Jul-96      210     0.00     0.00     0.00
     29-Jul-96      211     0.00     0.34     0.34
     30-Jul-96      212     0.00     0.36     0.36
     31-Jul-96      213     0.00     0.99     0.99
     01-Aug-96      214     0.00     0.36     0.36
     02-Aug-96      215     0.00     0.78     0.78
     03-Aug-96      216     0.00     1.16     1.16
     04-Aug-96      217     0.00     0.54     0.54
     05-Aug-96      218     0.00     0.83     0.83
     06-Aug-96      219     0.00     0.36     0.36
     07-Aug-96      220     0.00     0.00     0.00
     08-Aug-96      221     0.00     0.20     0.20
     09-Aug-96      222     0.55     0.00     0.55
     10-Aug-96      223     0.73     0.00     0.73
     11-Aug-96      224     0.00     0.00     0.00
     12-Aug-96      225     0.00     0.00     0.00
     13-Aug-96      226     0.00     0.00     0.00
     14-Aug-96      227     0.00     0.00     0.00
     15-Aug-96      228     0.00     0.00     0.00
     16-Aug-96      229     0.00     0.00     0.00
     17-Aug-96      230     0.00     0.00     0.00
     18-Aug-96      231     0.00     0.00     0.00
     19-Aug-96      232     0.00     0.00     0.00
     20-Aug-96      233     0.00     0.00     0.00
     21-Aug-96      234     0.00     0.00     0.00
     22-Aug-96      235     4.21     0.00     4.21
     23-Aug-96      236     0.00     0.00     0.00
     24-Aug-96      237     0.00     0.00     0.00
     25-Aug-96      238     0.00     0.33     0.33
     26-Aug-96      239     0.00     2.81     2.81
     27-Aug-96      240     0.00     0.00     0.00
     28-Aug-96      241     0.00     0.34     0.34
     29-Aug-96      242     0.00     0.00     0.00
     30-Aug-96      243     0.00     0.00     0.00
     31-Aug-96      244     0.00     1.30     1.30
     01-Sep-96      245     0.00     0.00     0.00
     02-Sep-96      246     0.00     0.00     0.00
     03-Sep-96      247     0.00     0.00     0.00
     04-Sep-96      248     0.00     0.77     0.77
     05-Sep-96      249     0.00     0.00     0.00
     06-Sep-96      250     0.00     0.00     0.00
     07-Sep-96      251     0.00     0.00     0.00
     08-Sep-96      252     0.00     0.00     0.00
     09-Sep-96      253     0.00     0.00     0.00
     10-Sep-96      254     0.00     0.00     0.00
     11-Sep-96      255     0.00     0.00     0.00
     12-Sep-96      256     0.00     0.00     0.00
     13-Sep-96      257     0.00     0.00     0.00
     14-Sep-96      258     0.00     0.00     0.00
     15-Sep-96      259     0.00     0.00     0.00
     16-Sep-96      260     0.00     0.00     0.00
     17-Sep-96      261     0.00     0.00     0.00
     18-Sep-96      262     0.00     0.00     0.00
     19-Sep-96      263     0.00     0.00     0.00
     20-Sep-96      264     0.00     0.00     0.00
     21-Sep-96      265     0.00     0.00     0.00
     22-Sep-96      266     0.00     0.00     0.00
     23-Sep-96      267     0.00     0.00     0.00
     24-Sep-96      268     0.00     0.00     0.00
     25-Sep-96      269     0.00     0.00     0.00
     26-Sep-96      270     0.00     0.00     0.00
     27-Sep-96      271     0.00     0.17     0.17
     28-Sep-96      272     0.00     0.00     0.00
     29-Sep-96      273     0.00     0.00     0.00
     30-Sep-96      274     0.00     0.00     0.00
     01-Oct-96      275     0.00     0.00     0.00
     02-Oct-96      276     0.00     0.00     0.00
     03-Oct-96      277     0.00     0.00     0.00
     04-Oct-96      278     0.00     0.00     0.00
     05-Oct-96      279     0.00     0.00     0.00
     06-Oct-96      280     0.00     0.00     0.00
     07-Oct-96      281     0.00     0.00     0.00
     08-Oct-96      282     0.00     0.00     0.00
     09-Oct-96      283     0.00     0.00     0.00
     10-Oct-96      284     0.00     0.00     0.00
     11-Oct-96      285     0.00     0.00     0.00
     12-Oct-96      286     0.00     0.00     0.00
     13-Oct-96      287     0.00     0.00     0.00
     14-Oct-96      288     0.00     0.00     0.00
     15-Oct-96      289     0.00     0.00     0.00
     16-Oct-96      290     0.00     0.00     0.00
     17-Oct-96      291     0.00     0.00     0.00
     18-Oct-96      292     0.00     0.00     0.00
     19-Oct-96      293     0.00     0.00     0.00
     20-Oct-96      294     0.00     0.00     0.00
     21-Oct-96      295     0.00     0.00     0.00
     22-Oct-96      296     0.00     0.00     0.00
     23-Oct-96      297     0.00     0.00     0.00
     24-Oct-96      298     0.00     0.00     0.00
     25-Oct-96      299     0.00     0.00     0.00
     26-Oct-96      300     0.00     0.00     0.00
     27-Oct-96      301     0.00     0.00     0.00
     28-Oct-96      302     0.00     0.00     0.00
     29-Oct-96      303     0.00     0.00     0.00
     30-Oct-96      304     0.00     0.00     0.00
     31-Oct-96      305     0.00     0.00     0.00
     01-Nov-96      306     0.00     0.00     0.00
     02-Nov-96      307     0.00     0.00     0.00
     03-Nov-96      308     0.00     0.00     0.00
     04-Nov-96      309     0.00     0.00     0.00
     05-Nov-96      310     0.00     0.00     0.00
     06-Nov-96      311     0.00     0.00     0.00
     07-Nov-96      312     0.00     0.00     0.00
     08-Nov-96      313     0.00     0.00     0.00
     09-Nov-96      314     0.00     0.00     0.00
     10-Nov-96      315     0.00     0.00     0.00
     11-Nov-96      316     0.00     0.00     0.00
     12-Nov-96      317     0.00     0.00     0.00
     13-Nov-96      318     0.00     0.00     0.00
     14-Nov-96      319     0.00     0.00     0.00
     15-Nov-96      320     0.00     0.00     0.00
     16-Nov-96      321     0.00     0.00     0.00
     17-Nov-96      322     0.00     0.00     0.00
     18-Nov-96      323     0.00     0.00     0.00
     19-Nov-96      324     0.00     0.00     0.00
     20-Nov-96      325     0.00     0.00     0.00
     21-Nov-96      326     0.00     0.50     0.50
     22-Nov-96      327     0.41     0.00     0.41
     23-Nov-96      328     0.00     1.18     1.18
     24-Nov-96      329     0.00     1.29     1.29
     25-Nov-96      330     0.42    11.75    12.17
     26-Nov-96      331     0.00     1.88     1.88
     27-Nov-96      332     0.00     0.74     0.74
     28-Nov-96      333     0.00     1.59     1.59
     29-Nov-96      334     0.00     3.33     3.33
     30-Nov-96      335     0.00     9.13     9.13
     01-Dec-96      336     0.00     1.74     1.74
     02-Dec-96      337     0.00     2.08     2.08
     03-Dec-96      338     0.00     0.00     0.00
     04-Dec-96      339     0.00     0.00     0.00
     05-Dec-96      340     0.00     0.00     0.00
     06-Dec-96      341     0.00     0.00     0.00
     07-Dec-96      342     0.00     0.00     0.00
     08-Dec-96      343     0.00     0.00     0.00
     09-Dec-96      344     0.00     0.76     0.76
     10-Dec-96      345     0.00     0.20     0.20
     11-Dec-96      346     0.00     0.92     0.92
     12-Dec-96      347     0.00     2.69     2.69
     13-Dec-96      348     0.00     1.02     1.02
     14-Dec-96      349     0.30     0.15     0.45
     15-Dec-96      350     0.00     0.00     0.00
     16-Dec-96      351     0.00     0.36     0.36
     17-Dec-96      352     0.00     0.00     0.00
     18-Dec-96      353     0.12     0.00     0.12
     19-Dec-96      354     0.09    10.71    10.80
     20-Dec-96      355     0.23     0.00     0.23
     21-Dec-96      356     0.00     0.25     0.25
     22-Dec-96      357     0.00     0.00     0.00
     23-Dec-96      358     0.00     0.19     0.19
     24-Dec-96      359     0.00     0.00     0.00
     25-Dec-96      360     0.00     0.00     0.00
     26-Dec-96      361     0.00     0.00     0.00
     27-Dec-96      362     0.00     0.00     0.00
     28-Dec-96      363     0.00     0.00     0.00
     29-Dec-96      364     0.00     0.00     0.00
     30-Dec-96      365     0.00     0.00     0.00
     31-Dec-96      366     0.00     0.00     0.00
     01-Jan-97      367     0.00     0.00     0.00
     02-Jan-97      368     0.00     0.00     0.00
     03-Jan-97      369     0.00     0.00     0.00
     04-Jan-97      370     0.00     0.00     0.00
     05-Jan-97      371     0.00     0.00     0.00
     06-Jan-97      372     0.00     0.00     0.00
     07-Jan-97      373     0.00     0.12     0.12
     08-Jan-97      374     0.00     0.00     0.00
     09-Jan-97      375     0.00     0.00     0.00
     10-Jan-97      376     0.00     0.00     0.00
     11-Jan-97      377     0.00     0.00     0.00
     12-Jan-97      378     0.00     0.00     0.00
     13-Jan-97      379     0.00     0.00     0.00
     14-Jan-97      380     0.00     0.00     0.00
     15-Jan-97      381     0.00     0.00     0.00
     16-Jan-97      382     0.00     0.00     0.00
     17-Jan-97      383     0.00     0.00     0.00
     18-Jan-97      384     0.00     0.33     0.33
     19-Jan-97      385     0.00     0.13     0.13
     20-Jan-97      386     0.00     0.47     0.47
     21-Jan-97      387     0.00     0.00     0.00
     22-Jan-97      388     0.00     0.00     0.00
     23-Jan-97      389     0.00     0.00     0.00
     24-Jan-97      390     0.00     0.00     0.00
     25-Jan-97      391     0.00     0.00     0.00
     26-Jan-97      392     0.00     0.00     0.00
     27-Jan-97      393     0.00     0.43     0.43
     28-Jan-97      394     0.00     0.00     0.00
     29-Jan-97      395     0.42     0.00     0.42
     30-Jan-97      396     0.00     0.00     0.00
     31-Jan-97      397     0.00     0.00     0.00
     01-Feb-97      398     0.00     0.00     0.00
     02-Feb-97      399     0.34     3.86     4.20
     03-Feb-97      400     0.73     0.39     1.11
     04-Feb-97      401     0.97     0.74     1.71
     05-Feb-97      402     0.00     0.00     0.00
     06-Feb-97      403     0.00     0.00     0.00
     07-Feb-97      404     0.00     0.00     0.00
     08-Feb-97      405     0.22     0.00     0.22
     09-Feb-97      406     0.00     0.00     0.00
     10-Feb-97      407     0.00     0.00     0.00
     11-Feb-97      408     0.00     0.00     0.00
     12-Feb-97      409     0.00     0.00     0.00
     13-Feb-97      410     0.00     0.00     0.00
     14-Feb-97      411     0.00     0.00     0.00
     15-Feb-97      412     0.00     0.00     0.00
     16-Feb-97      413     0.00     0.00     0.00
     17-Feb-97      414     0.00     0.00     0.00
     18-Feb-97      415     0.00     0.00     0.00
     19-Feb-97      416     0.21     0.00     0.21
     20-Feb-97      417     1.04     0.00     1.04
     21-Feb-97      418     0.00     0.00     0.00
     22-Feb-97      419     0.00     0.00     0.00
     23-Feb-97      420     0.00     0.00     0.00
     24-Feb-97      421     0.00     0.00     0.00
     25-Feb-97      422     0.00     0.00     0.00
     26-Feb-97      423     0.00     0.00     0.00
     27-Feb-97      424     0.00     0.00     0.00
     28-Feb-97      425     0.00     0.00     0.00
     01-Mar-97      426     0.00     0.00     0.00
     02-Mar-97      427     0.00     0.00     0.00
     03-Mar-97      428     0.00     0.00     0.00
     04-Mar-97      429     0.00     0.00     0.00
     05-Mar-97      430     0.00     0.00     0.00
     06-Mar-97      431     0.31     0.00     0.31
     07-Mar-97      432     0.17     0.00     0.17
     08-Mar-97      433     0.25     0.00     0.25
     09-Mar-97      434     0.00     0.00     0.00
     10-Mar-97      435     0.00     0.00     0.00
     11-Mar-97      436     0.00     0.00     0.00
     12-Mar-97      437     0.00     0.00     0.00
     13-Mar-97      438     0.00     0.00     0.00
     14-Mar-97      439     0.00     0.00     0.00
     15-Mar-97      440     0.00     0.00     0.00
     16-Mar-97      441     0.00     0.06     0.06
     17-Mar-97      442     0.00     0.00     0.00
     18-Mar-97      443     0.00     0.00     0.00
     19-Mar-97      444     0.00     0.00     0.00
     20-Mar-97      445     0.00     0.00     0.00
     21-Mar-97      446     0.00     0.00     0.00
     22-Mar-97      447     0.00     0.00     0.00
     23-Mar-97      448     0.00     0.00     0.00
     24-Mar-97      449     0.00     0.00     0.00
     25-Mar-97      450     0.00     0.00     0.00
     26-Mar-97      451     0.00     0.00     0.00
     27-Mar-97      452     0.00     0.74     0.74
     28-Mar-97      453     0.00     2.79     2.79
     29-Mar-97      454     0.00     0.06     0.06
     30-Mar-97      455     0.00     0.00     0.00
     31-Mar-97      456     0.00     0.00     0.00
     01-Apr-97      457     0.00     3.90     3.90
     02-Apr-97      458     0.00     3.06     3.06
     03-Apr-97      459     0.00     0.00     0.00
     04-Apr-97      460     0.00     0.00     0.00
     05-Apr-97      461     0.00     0.61     0.61
     06-Apr-97      462     0.00     0.61     0.61
     07-Apr-97      463     0.00     7.46     7.46
     08-Apr-97      464     0.00     0.00     0.00
     09-Apr-97      465     0.00     1.46     1.46
     10-Apr-97      466     0.27     0.20     0.48
     11-Apr-97      467     0.00     0.00     0.00
     12-Apr-97      468     0.00     0.00     0.00
     13-Apr-97      469     0.00     0.31     0.31
     14-Apr-97      470     0.00     0.40     0.40
     15-Apr-97      471     0.38     2.42     2.79
     16-Apr-97      472     0.00     0.32     0.32
     17-Apr-97      473     0.00     0.00     0.00
     18-Apr-97      474     0.00     0.00     0.00
     19-Apr-97      475     0.00     0.00     0.00
     20-Apr-97      476     0.00     0.00     0.00
     21-Apr-97      477     0.00     0.00     0.00
     22-Apr-97      478     0.00     0.00     0.00
     23-Apr-97      479     0.00     0.00     0.00
     24-Apr-97      480     0.00     0.00     0.00
     25-Apr-97      481     0.00     0.00     0.00
     26-Apr-97      482     0.00     0.33     0.33
     27-Apr-97      483     0.00     0.00     0.00
     28-Apr-97      484     0.00     0.00     0.00
     29-Apr-97      485     0.00     0.00     0.00
     30-Apr-97      486     0.00     0.00     0.00
     01-May-97      487     0.00     0.00     0.00
     02-May-97      488     0.00     0.00     0.00
     03-May-97      489     0.00     0.18     0.18
     04-May-97      490     0.00     0.00     0.00
     05-May-97      491     0.00     0.00     0.00
     06-May-97      492     0.28     0.00     0.28
     07-May-97      493     0.00     0.00     0.00
     08-May-97      494     0.00     0.20     0.20
     09-May-97      495     0.00     0.00     0.00
     10-May-97      496     0.00     0.00     0.00
     11-May-97      497     0.00     0.00     0.00
     12-May-97      498     3.77     0.00     3.77
     13-May-97      499     0.00     0.00     0.00
     14-May-97      500     0.00     0.00     0.00
     15-May-97      501     0.00     0.00     0.00
     16-May-97      502     0.20     0.00     0.20
     17-May-97      503     0.86     0.00     0.86
     18-May-97      504     0.00     0.00     0.00
     19-May-97      505     0.00     0.00     0.00
     20-May-97      506     0.00     0.00     0.00
     21-May-97      507    11.66     0.00    11.66
     22-May-97      508     0.00     0.00     0.00
     23-May-97      509     0.81     0.00     0.81
     24-May-97      510     0.00     0.09     0.09
     25-May-97      511     0.00     6.79     6.79
     26-May-97      512     0.65     0.53     1.18
     27-May-97      513    12.28     0.63    12.92
     28-May-97      514     0.00     0.83     0.83
     29-May-97      515     0.00     0.11     0.11
     30-May-97      516     0.00     0.00     0.00
     31-May-97      517     0.00     0.12     0.12
     01-Jun-97      518     0.00     3.71     3.71
     02-Jun-97      519     0.00     0.00     0.00
     03-Jun-97      520     0.00     0.08     0.08
     04-Jun-97      521     0.00     0.00     0.00
     05-Jun-97      522     0.00     0.00     0.00
     06-Jun-97      523     0.00     0.00     0.00
     07-Jun-97      524     0.00     0.21     0.21
     08-Jun-97      525     0.00     0.00     0.00
     09-Jun-97      526     0.22     0.22     0.43
     10-Jun-97      527     0.00     0.00     0.00
     11-Jun-97      528     0.00     0.00     0.00
     12-Jun-97      529     0.54     0.00     0.54
     13-Jun-97      530     0.00     0.00     0.00
     14-Jun-97      531     0.00     0.00     0.00
     15-Jun-97      532     0.00     0.00     0.00
     16-Jun-97      533     0.00     0.00     0.00
     17-Jun-97      534     0.13     0.00     0.13
     18-Jun-97      535     0.00     0.00     0.00
     19-Jun-97      536     0.00     0.00     0.00
     20-Jun-97      537     0.00     0.00     0.00
     21-Jun-97      538     0.00     0.33     0.33
     22-Jun-97      539     0.00     0.00     0.00
     23-Jun-97      540     0.00     0.00     0.00
     24-Jun-97      541     0.00     0.00     0.00
     25-Jun-97      542     0.00     0.00     0.00
     26-Jun-97      543     0.00     0.00     0.00
     27-Jun-97      544     0.00     0.00     0.00
     28-Jun-97      545     1.11     0.00     1.11
     29-Jun-97      546     0.31     0.00     0.31
     30-Jun-97      547     0.13     0.00     0.13
     01-Jul-97      548     0.00     0.00     0.00
     02-Jul-97      549     0.00     0.00     0.00
     03-Jul-97      550     0.00     0.33     0.33
     04-Jul-97      551     0.00     0.00     0.00
     05-Jul-97      552     0.00     0.00     0.00
     06-Jul-97      553     0.00     0.00     0.00
     07-Jul-97      554     0.00     0.00     0.00
     08-Jul-97      555     0.00     0.00     0.00
     09-Jul-97      556     0.00     0.73     0.73
     10-Jul-97      557     0.00     0.00     0.00
     11-Jul-97      558     0.00     0.00     0.00
     12-Jul-97      559     0.00     0.00     0.00
     13-Jul-97      560     0.00     0.00     0.00
     14-Jul-97      561     0.00     0.00     0.00
     15-Jul-97      562     0.00     0.00     0.00
     16-Jul-97      563     0.00     0.00     0.00
     17-Jul-97      564     0.00     0.00     0.00
     18-Jul-97      565     0.00     0.00     0.00
     19-Jul-97      566     0.00     0.00     0.00
     20-Jul-97      567     0.00     0.70     0.70
     21-Jul-97      568     0.00     0.00     0.00
     22-Jul-97      569     0.11     0.00     0.11
     23-Jul-97      570     0.00     0.00     0.00
     24-Jul-97      571     1.11     0.00     1.11
     25-Jul-97      572     3.71     0.00     3.71
     26-Jul-97      573     0.07     0.00     0.07
     27-Jul-97      574     0.67     0.00     0.67
     28-Jul-97      575     0.00     0.00     0.00
     29-Jul-97      576     1.26     0.00     1.26
     30-Jul-97      577     0.00     0.00     0.00
     31-Jul-97      578     0.00     0.00     0.00
     01-Aug-97      579     0.00     0.00     0.00
     02-Aug-97      580     0.00     0.00     0.00
     03-Aug-97      581     0.00     0.54     0.54
     04-Aug-97      582     0.00     0.00     0.00
     05-Aug-97      583     0.00     0.00     0.00
     06-Aug-97      584     0.24     0.00     0.24
     07-Aug-97      585     1.79     0.00     1.79
     08-Aug-97      586     0.44     0.00     0.44
     09-Aug-97      587     1.09     0.00     1.09
     10-Aug-97      588     1.88     0.00     1.88
     11-Aug-97      589     0.21     0.00     0.21
     12-Aug-97      590     2.41     0.18     2.59
     13-Aug-97      591     0.89     0.37     1.26
     14-Aug-97      592     0.38     0.00     0.38
     15-Aug-97      593     0.00     0.00     0.00
     16-Aug-97      594     0.00     0.00     0.00
     17-Aug-97      595     0.00     0.00     0.00
     18-Aug-97      596     0.00     0.00     0.00
     19-Aug-97      597     0.00     0.00     0.00
     20-Aug-97      598     0.00     0.00     0.00
     21-Aug-97      599     0.12     0.00     0.12
     22-Aug-97      600     0.00     0.00     0.00
     23-Aug-97      601     0.00     0.00     0.00
     24-Aug-97      602     0.88     0.44     1.33
     25-Aug-97      603     2.15     0.00     2.15
     26-Aug-97      604     1.91     0.00     1.91
     27-Aug-97      605     0.00     0.19     0.19
     28-Aug-97      606     0.46     0.50     0.96
     29-Aug-97      607     3.64     0.00     3.64
     30-Aug-97      608     1.43     0.00     1.43
     31-Aug-97      609     1.38     0.00     1.38
     01-Sep-97      610     1.08     0.00     1.08
     02-Sep-97      611     1.58     0.00     1.58
     03-Sep-97      612     1.53     1.67     3.19
     04-Sep-97      613     0.15     0.72     0.86
     05-Sep-97      614     1.44     0.00     1.44
     06-Sep-97      615     1.58     0.10     1.68
     07-Sep-97      616     0.42     1.85     2.27
     08-Sep-97      617     2.19     4.54     6.73
     09-Sep-97      618     0.23     5.15     5.38
     10-Sep-97      619     0.74     0.74     1.47
     11-Sep-97      620     0.55     0.20     0.74
     12-Sep-97      621     1.27     0.08     1.36
     13-Sep-97      622     4.72     0.00     4.72
     14-Sep-97      623     1.00     0.69     1.69
     15-Sep-97      624     6.43     2.35     8.78
     16-Sep-97      625     1.49     0.00     1.49
     17-Sep-97      626     2.28     0.90     3.18
     18-Sep-97      627     0.00     0.16     0.16
     19-Sep-97      628     0.00     0.25     0.25
     20-Sep-97      629     0.07     0.00     0.07
     21-Sep-97      630     0.00     0.89     0.89
     22-Sep-97      631     0.00     6.66     6.66
     23-Sep-97      632     0.00     3.85     3.85
     24-Sep-97      633     0.00     5.85     5.85
     25-Sep-97      634     0.00     2.19     2.19
     26-Sep-97      635     0.00     1.58     1.58
     27-Sep-97      636     0.00     0.00     0.00
     28-Sep-97      637     0.00     0.04     0.04
     29-Sep-97      638     0.00     0.58     0.58
     30-Sep-97      639     0.00     0.00     0.00
     01-Oct-97      640     1.56     0.00     1.56
     02-Oct-97      641     0.13     0.29     0.42
     03-Oct-97      642     0.55     0.00     0.55
     04-Oct-97      643     0.00     0.00     0.00
     05-Oct-97      644     0.33     0.00     0.33
     06-Oct-97      645     0.08     0.00     0.08
     07-Oct-97      646     0.00     0.00     0.00
     08-Oct-97      647     0.00     0.00     0.00
     09-Oct-97      648     1.18     0.00     1.18
     10-Oct-97      649     0.46     0.00     0.46
     11-Oct-97      650     0.77     0.00     0.77
     12-Oct-97      651     0.00     0.00     0.00
     13-Oct-97      652     1.21     0.00     1.21
     14-Oct-97      653     0.23     0.00     0.23
     15-Oct-97      654     0.00     0.00     0.00
     16-Oct-97      655     0.17     0.00     0.17
     17-Oct-97      656     0.46     0.00     0.46
     18-Oct-97      657     0.00     0.00     0.00
     19-Oct-97      658     0.00     0.00     0.00
     20-Oct-97      659     0.00     0.00     0.00
     21-Oct-97      660     0.97     0.00     0.97
     22-Oct-97      661     0.00     0.00     0.00
     23-Oct-97      662     0.00     0.00     0.00
     24-Oct-97      663     0.00     0.00     0.00
     25-Oct-97      664     0.66     0.00     0.66
     26-Oct-97      665     0.00     0.00     0.00
     27-Oct-97      666     0.15     0.11     0.26
     28-Oct-97      667     0.00     1.40     1.40
     29-Oct-97      668     0.42     0.00     0.42
     30-Oct-97      669     0.00     0.78     0.78
     31-Oct-97      670     0.00     0.08     0.08
     01-Nov-97      671     0.00     0.60     0.60
     02-Nov-97      672     0.00     2.79     2.79
     03-Nov-97      673     0.00    17.11    17.11
     04-Nov-97      674     2.47    23.95    26.41
     05-Nov-97      675     2.46     8.84    11.31
     06-Nov-97      676     0.86    10.44    11.31
     07-Nov-97      677     1.03     0.21     1.24
     08-Nov-97      678     0.00     0.00     0.00
     09-Nov-97      679     0.54     0.00     0.54
     10-Nov-97      680     2.02     0.00     2.02
     11-Nov-97      681     2.56     0.00     2.56
     12-Nov-97      682     0.00     0.00     0.00
     13-Nov-97      683     0.52     0.00     0.52
     14-Nov-97      684     2.29     0.00     2.29
     15-Nov-97      685     5.48     0.00     5.48
     16-Nov-97      686     0.81     0.00     0.81
     17-Nov-97      687     1.91     0.12     2.03
     18-Nov-97      688     0.81     0.57     1.38
     19-Nov-97      689     0.37     0.00     0.37
     20-Nov-97      690     0.96     0.00     0.96
     21-Nov-97      691     3.41     0.00     3.41
     22-Nov-97      692     0.28     0.30     0.58
     23-Nov-97      693     1.75     0.00     1.75
     24-Nov-97      694     1.75     0.00     1.75
     25-Nov-97      695     0.21     0.00     0.21
     26-Nov-97      696     2.12     0.00     2.12
     27-Nov-97      697     5.53     0.00     5.53
     28-Nov-97      698    14.05     4.94    18.98
     29-Nov-97      699    10.71     0.00    10.71
     30-Nov-97      700     2.09     0.00     2.09
     01-Dec-97      701     8.76     0.00     8.76
     02-Dec-97      702     0.55     0.00     0.55
     03-Dec-97      703     4.81     0.00     4.81
     04-Dec-97      704     0.88     0.00     0.88
     05-Dec-97      705     0.00     0.00     0.00
     06-Dec-97      706     0.77     0.00     0.77
     07-Dec-97      707     0.00     0.75     0.75
     08-Dec-97      708     0.00     0.00     0.00
     09-Dec-97      709     0.00     0.00     0.00
     10-Dec-97      710     0.44     0.00     0.44
     11-Dec-97      711     0.53     0.00     0.53
     12-Dec-97      712     4.19     0.00     4.19
     13-Dec-97      713     0.00     0.00     0.00
     14-Dec-97      714     1.33     0.00     1.33
     15-Dec-97      715     1.21     0.00     1.21
     16-Dec-97      716     0.25     0.00     0.25
     17-Dec-97      717     0.00     0.00     0.00
     18-Dec-97      718     0.00     0.00     0.00
     19-Dec-97      719     0.39     0.00     0.39
     20-Dec-97      720     0.00     0.00     0.00
     21-Dec-97      721     0.00     0.22     0.22
     22-Dec-97      722     0.00     0.66     0.66
     23-Dec-97      723     0.00     0.00     0.00
     24-Dec-97      724     0.07     0.12     0.19
     25-Dec-97      725     0.00     0.25     0.25
     26-Dec-97      726     0.00     0.87     0.87
     27-Dec-97      727     0.27     1.59     1.86
     28-Dec-97      728     0.00     0.12     0.12
     29-Dec-97      729     0.15     0.13     0.27
     30-Dec-97      730     0.29     0.24     0.53
     31-Dec-97      731     0.60     0.85     1.45
     01-Jan-98      732     0.51     2.36     2.87
     02-Jan-98      733     1.15     0.20     1.35
     03-Jan-98      734     0.54     0.00     0.54
     04-Jan-98      735     0.31     0.00     0.31
     05-Jan-98      736     0.00     0.00     0.00
     06-Jan-98      737     0.00     0.00     0.00
     07-Jan-98      738     0.00     0.00     0.00
     08-Jan-98      739     0.00     2.37     2.37
     09-Jan-98      740     0.00     0.00     0.00
     10-Jan-98      741     0.00     0.13     0.13
     11-Jan-98      742     0.00     0.00     0.00
     12-Jan-98      743     0.00     2.95     2.95
     13-Jan-98      744     0.00     1.41     1.41
     14-Jan-98      745     0.00     4.00     4.00
     15-Jan-98      746     0.00     5.08     5.08
     16-Jan-98      747     0.77     0.35     1.12
     17-Jan-98      748     0.00     0.51     0.51
     18-Jan-98      749     0.52     0.09     0.61
     19-Jan-98      750     0.16     0.10     0.26
     20-Jan-98      751     0.00     0.00     0.00
     21-Jan-98      752     0.00     0.00     0.00
     22-Jan-98      753     0.00     0.60     0.60
     23-Jan-98      754     0.00     0.21     0.21
     24-Jan-98      755     0.00     0.00     0.00
     25-Jan-98      756     2.09     0.33     2.41
     26-Jan-98      757     0.69     1.77     2.46
     27-Jan-98      758     0.00     0.00     0.00
     28-Jan-98      759     0.00     0.00     0.00
     29-Jan-98      760     0.00     0.43     0.43
     30-Jan-98      761     0.00     0.11     0.11
     31-Jan-98      762     0.00     0.00     0.00
     01-Feb-98      763     0.00     0.00     0.00
     02-Feb-98      764     0.37     0.00     0.37
     03-Feb-98      765     0.00     0.00     0.00
     04-Feb-98      766     0.00     0.00     0.00
     05-Feb-98      767     0.00     0.00     0.00
     06-Feb-98      768     0.00     0.79     0.79
     07-Feb-98      769     0.00     0.60     0.60
     08-Feb-98      770     0.00     0.20     0.20
     09-Feb-98      771     0.00     0.00     0.00
     10-Feb-98      772     0.00     0.09     0.09
     11-Feb-98      773     0.00     0.25     0.25
     12-Feb-98      774     0.00     2.06     2.06
     13-Feb-98      775     0.00     0.14     0.14
     14-Feb-98      776     0.00     2.29     2.29
     15-Feb-98      777     0.00     7.04     7.04
     16-Feb-98      778     0.00     0.00     0.00
     17-Feb-98      779     0.00     3.18     3.18
     18-Feb-98      780     0.00     7.92     7.92
     19-Feb-98      781     0.00     1.88     1.88
     20-Feb-98      782     0.00     3.99     3.99
     21-Feb-98      783     0.00     0.00     0.00
     22-Feb-98      784     0.00     0.27     0.27
     23-Feb-98      785     0.00     0.21     0.21
     24-Feb-98      786     2.27     0.00     2.27
     25-Feb-98      787     0.00     0.00     0.00
     26-Feb-98      788     0.00     0.99     0.99
     27-Feb-98      789     0.00     0.00     0.00
     28-Feb-98      790     0.31     0.13     0.44
     01-Mar-98      791     0.00     1.05     1.05
     02-Mar-98      792     0.00     2.99     2.99
     03-Mar-98      793     0.00     6.44     6.44
     04-Mar-98      794     0.00     1.72     1.72
     05-Mar-98      795     0.83     3.71     4.54
     06-Mar-98      796     0.00     0.30     0.30
     07-Mar-98      797     0.00     0.00     0.00
     08-Mar-98      798     0.00     0.11     0.11
     09-Mar-98      799     0.00     0.44     0.44
     10-Mar-98      800     0.00     0.00     0.00
     11-Mar-98      801     0.00     1.11     1.11
     12-Mar-98      802     0.17     0.00     0.17
     13-Mar-98      803     0.51     1.21     1.72
     14-Mar-98      804     0.00     3.12     3.12
     15-Mar-98      805     0.00    12.06    12.06
     16-Mar-98      806     0.00    22.84    22.84
     17-Mar-98      807     0.00     3.15     3.15
     18-Mar-98      808     0.00     6.23     6.23
     19-Mar-98      809     4.46     5.75    10.21
     20-Mar-98      810     0.00     0.00     0.00
     21-Mar-98      811     0.00     0.32     0.32
     22-Mar-98      812     0.33     1.92     2.25
     23-Mar-98      813     0.28     0.00     0.28
     24-Mar-98      814     0.39     1.22     1.61
     25-Mar-98      815     0.37     0.79     1.17
     26-Mar-98      816     1.10    12.62    13.72
     27-Mar-98      817     0.00    16.92    16.92
     28-Mar-98      818     1.23     0.40     1.63
     29-Mar-98      819     0.55     0.00     0.55
     30-Mar-98      820     0.14     1.11     1.25
     31-Mar-98      821     0.00     4.03     4.03
     01-Apr-98      822     0.00     3.88     3.88
     02-Apr-98      823     0.00     3.45     3.45
     03-Apr-98      824     0.00     4.05     4.05
     04-Apr-98      825     0.00     5.02     5.02
     05-Apr-98      826     0.00     2.41     2.41
     06-Apr-98      827     0.00     4.49     4.49
     07-Apr-98      828     0.00     0.00     0.00
     08-Apr-98      829     0.00     5.88     5.88
     09-Apr-98      830     0.00     2.95     2.95
     10-Apr-98      831     0.00     2.27     2.27
     11-Apr-98      832     0.00     8.89     8.89
     12-Apr-98      833     0.02     0.60     0.63
     13-Apr-98      834     0.00     1.31     1.31
     14-Apr-98      835     0.00     0.25     0.25
     15-Apr-98      836     2.79     2.49     5.27
     16-Apr-98      837     0.62     0.23     0.85
     17-Apr-98      838     0.00     0.00     0.00
     18-Apr-98      839     0.38     0.00     0.38
     19-Apr-98      840     0.99     0.00     0.99
     20-Apr-98      841     0.00     0.00     0.00
     21-Apr-98      842     0.28     0.00     0.28
     22-Apr-98      843     1.29     0.00     1.29
     23-Apr-98      844     0.11     0.00     0.11
     24-Apr-98      845     0.00     0.00     0.00
     25-Apr-98      846     0.00     7.44     7.44
     26-Apr-98      847     0.00     0.11     0.11
     27-Apr-98      848     0.00    26.95    26.95
     28-Apr-98      849     0.00     1.65     1.65
     29-Apr-98      850     0.00    55.99    55.99
     30-Apr-98      851     4.23     5.65     9.88
     01-May-98      852     8.65     6.18    14.83
     02-May-98      853     3.25    25.34    28.59
     03-May-98      854     1.64     8.19     9.83
     04-May-98      855     3.45     6.40     9.85
     05-May-98      856    12.09    10.64    22.72
     06-May-98      857     4.41    15.81    20.22
     07-May-98      858     6.46     4.06    10.53
     08-May-98      859     5.45     0.96     6.41
     09-May-98      860     2.90     0.00     2.90
     10-May-98      861     0.00     1.13     1.13
     11-May-98      862     0.08     3.65     3.73
     12-May-98      863     0.00     3.17     3.17
     13-May-98      864     0.00     1.98     1.98
     14-May-98      865     0.43     4.11     4.54
     15-May-98      866     0.62     0.34     0.96
     16-May-98      867     0.44     1.11     1.54
     17-May-98      868     0.00     0.00     0.00
     18-May-98      869     0.00     0.00     0.00
     19-May-98      870     0.00     0.00     0.00
     20-May-98      871     0.00     0.00     0.00
     21-May-98      872     0.00     0.00     0.00
     22-May-98      873     0.00     0.00     0.00
     23-May-98      874     0.32     0.00     0.32
     24-May-98      875     1.51     0.00     1.51
     25-May-98      876     0.00     0.00     0.00
     26-May-98      877     0.80     0.14     0.94
     27-May-98      878     5.03     6.03    11.06
     28-May-98      879     2.35     0.11     2.47
     29-May-98      880     1.56     0.48     2.05
     30-May-98      881     0.00     0.00     0.00
     31-May-98      882     0.17     0.27     0.44
     01-Jun-98      883     0.50     0.00     0.50
     02-Jun-98      884     0.18     0.27     0.45
     03-Jun-98      885     3.20     0.38     3.58
     04-Jun-98      886     0.00     2.01     2.01
     05-Jun-98      887     0.65     0.90     1.54
     06-Jun-98      888     0.48     0.17     0.65
     07-Jun-98      889     0.21     2.04     2.25
     08-Jun-98      890     0.00     5.58     5.58
     09-Jun-98      891     0.00     0.50     0.50
     10-Jun-98      892     0.00     1.12     1.12
     11-Jun-98      893     0.00     0.77     0.77
     12-Jun-98      894     0.28     3.31     3.59
     13-Jun-98      895     0.00     5.17     5.17
     14-Jun-98      896     1.10     1.04     2.15
     15-Jun-98      897     0.10     0.00     0.10
     16-Jun-98      898     0.00     0.48     0.48
     17-Jun-98      899     2.16     0.00     2.16
     18-Jun-98      900     1.15     0.10     1.24
     19-Jun-98      901     0.49     0.83     1.32
     20-Jun-98      902     3.98     0.00     3.98
     21-Jun-98      903     1.60     0.00     1.60
     22-Jun-98      904     2.38     0.15     2.52
     23-Jun-98      905     3.56     0.00     3.56
     24-Jun-98      906     4.30     0.00     4.30
     25-Jun-98      907     2.82     0.00     2.82
     26-Jun-98      908     1.50     0.00     1.50
     27-Jun-98      909     7.24     0.00     7.24
     28-Jun-98      910     2.42     0.10     2.52
     29-Jun-98      911     1.45     3.17     4.62
     30-Jun-98      912     2.25     0.00     2.25
     01-Jul-98      913     1.57     2.35     3.92
     02-Jul-98      914     1.02     0.14     1.16
     03-Jul-98      915     0.07     1.47     1.54
     04-Jul-98      916     0.41     8.78     9.19
     05-Jul-98      917    12.08     2.17    14.25
     06-Jul-98      918     0.00     0.02     0.02
     07-Jul-98      919     1.35     0.00     1.35
     08-Jul-98      920     0.50     0.00     0.50
     09-Jul-98      921     1.04     1.02     2.06
     10-Jul-98      922     0.00     2.45     2.45
     11-Jul-98      923     0.40     1.24     1.64
     12-Jul-98      924     0.00     0.00     0.00
     13-Jul-98      925     0.28     0.34     0.62
     14-Jul-98      926     1.39     2.90     4.29
     15-Jul-98      927     0.19     5.02     5.21
     16-Jul-98      928     0.00     6.23     6.23
     17-Jul-98      929     0.00     1.28     1.28
     18-Jul-98      930     0.00     0.00     0.00
     19-Jul-98      931     0.00     2.69     2.69
     20-Jul-98      932     1.10     3.23     4.34
     21-Jul-98      933     0.80     1.09     1.89
     22-Jul-98      934     0.78     0.45     1.24
     23-Jul-98      935     2.52     0.62     3.14
     24-Jul-98      936     5.00     1.11     6.11
     25-Jul-98      937     1.02     1.57     2.59
     26-Jul-98      938     0.00     1.92     1.92
     27-Jul-98      939     0.68     0.00     0.68
     28-Jul-98      940     1.49     0.59     2.08
     29-Jul-98      941     0.41     0.00     0.41
     30-Jul-98      942     0.29     0.00     0.29
     31-Jul-98      943    11.11     0.21    11.32
     01-Aug-98      944     0.32     2.07     2.40
     02-Aug-98      945     0.00     1.71     1.71
     03-Aug-98      946     0.00     0.14     0.14
     04-Aug-98      947     1.19     0.45     1.64
     05-Aug-98      948     0.00     1.69     1.69
     06-Aug-98      949     1.86     4.87     6.73
     07-Aug-98      950     7.45     1.77     9.22
     08-Aug-98      951     4.16     0.13     4.29
     09-Aug-98      952    10.81     0.94    11.75
     10-Aug-98      953     3.10     3.86     6.96
     11-Aug-98      954     0.23     0.09     0.32
     12-Aug-98      955     0.55     0.49     1.04
     13-Aug-98      956     2.80     1.11     3.91
     14-Aug-98      957     2.54     2.54     5.08
     15-Aug-98      958     0.63     0.85     1.48
     16-Aug-98      959     0.85     0.00     0.85
     17-Aug-9